{
  "model_name": "stacking_lgbm",
  "fold_metrics": [
    {
      "fold": 1,
      "train_macro_f1": 0.9981,
      "val_macro_f1": 0.9176
    },
    {
      "fold": 2,
      "train_macro_f1": 1.0,
      "val_macro_f1": 0.9581
    },
    {
      "fold": 3,
      "train_macro_f1": 1.0,
      "val_macro_f1": 0.9448
    },
    {
      "fold": 4,
      "train_macro_f1": 0.9961,
      "val_macro_f1": 0.95
    },
    {
      "fold": 5,
      "train_macro_f1": 1.0,
      "val_macro_f1": 0.9261
    }
  ],
  "summary": {
    "mean_val_macro_f1": 0.9393,
    "std_val_macro_f1": 0.0151,
    "mean_train_macro_f1": 0.9988,
    "mean_overfit_gap": 0.0595,
    "fold_val_f1s": [
      0.9176,
      0.9581,
      0.9448,
      0.95,
      0.9261
    ],
    "fold_train_f1s": [
      0.9981,
      1.0,
      1.0,
      0.9961,
      1.0
    ]
  },
  "oof_metrics": {
    "macro_f1": 0.9397,
    "accuracy": 0.9817,
    "per_class_f1": {
      "Human": 0.9984,
      "DeepSeek": 0.7654,
      "Grok": 0.8972,
      "Claude": 1.0,
      "Gemini": 0.9853,
      "ChatGPT": 0.9922
    }
  },
  "oof_classification_report": "              precision    recall  f1-score   support\n\n       Human       1.00      1.00      1.00      1520\n    DeepSeek       0.76      0.78      0.77        80\n        Grok       0.89      0.90      0.90       160\n      Claude       1.00      1.00      1.00        80\n      Gemini       0.99      0.98      0.99       240\n     ChatGPT       1.00      0.99      0.99       320\n\n    accuracy                           0.98      2400\n   macro avg       0.94      0.94      0.94      2400\nweighted avg       0.98      0.98      0.98      2400\n",
  "oof_proba": [
    [
      0.9609395739464139,
      0.012016724783122134,
      0.00563844558176083,
      0.005838370817379152,
      0.0078118924126347805,
      0.007754992458689238
    ],
    [
      0.00859370387476029,
      0.7584562976892337,
      0.20349986806429415,
      0.009932175795622486,
      0.010658738497403465,
      0.008859216078685906
    ],
    [
      0.9503331520455427,
      0.016259737737654767,
      0.006948429451322124,
      0.009409349450689662,
      0.00757977063084882,
      0.009469560683941737
    ],
    [
      0.004976675422769272,
      0.0076809024818612626,
      0.007246611329534257,
      0.9689809862630042,
      0.005512821868933733,
      0.005602002633896978
    ],
    [
      0.9510077726361956,
      0.01588800672626911,
      0.006746965512942316,
      0.009529730340239526,
      0.0075649997664375915,
      0.009262525017915853
    ],
    [
      0.010674105035258714,
      0.7187304426599653,
      0.23334843836038596,
      0.011745958342388242,
      0.014695169055117056,
      0.010805886546884566
    ],
    [
      0.9580375676464002,
      0.012646010359537281,
      0.006776601778917735,
      0.006720620610030124,
      0.006491326670706609,
      0.009327872934407932
    ],
    [
      0.005021422085693662,
      0.012109300457563381,
      0.01087768749877507,
      0.007118492846298497,
      0.00687210629585862,
      0.9580009908158108
    ],
    [
      0.9502887440793734,
      0.015154840926363978,
      0.007422304997550225,
      0.007295522131435153,
      0.009793657152601958,
      0.010044930712675641
    ],
    [
      0.9590943281284777,
      0.012678790339481025,
      0.005927846443718114,
      0.006070728161244965,
      0.008154116117881171,
      0.008074190809197112
    ],
    [
      0.007610345644487082,
      0.31529560351840424,
      0.6508524801114853,
      0.008914713243497076,
      0.009240609770611245,
      0.008086247711515062
    ],
    [
      0.004875941748663631,
      0.9415815303727322,
      0.03634944344673297,
      0.005980910617882203,
      0.005578339702839448,
      0.005633834111149763
    ],
    [
      0.005098046883906626,
      0.11950334326905514,
      0.8576212460886478,
      0.005983096696505038,
      0.006690206023679249,
      0.005104061038206135
    ],
    [
      0.004356892723606274,
      0.009304538239864725,
      0.006646031717942139,
      0.9696530063754562,
      0.004651353989887019,
      0.0053881769532437415
    ],
    [
      0.005144189795879624,
      0.012812105454550395,
      0.011136521324044114,
      0.007247919713181572,
      0.006875091716033603,
      0.9567841719963106
    ],
    [
      0.9536611803441926,
      0.014101275610448353,
      0.007328935483220761,
      0.006766890292536832,
      0.008782367924686738,
      0.009359350344914615
    ],
    [
      0.0035224679972492064,
      0.011257918164190455,
      0.008026031158137461,
      0.005966144387522595,
      0.003731289551630021,
      0.9674961487412702
    ],
    [
      0.9480283974776438,
      0.016989817112319994,
      0.007300835471537507,
      0.009924492072457377,
      0.007872906228877905,
      0.009883551637163339
    ],
    [
      0.956642054391992,
      0.013314611923233428,
      0.00624181422965248,
      0.006414582556255623,
      0.008867960587209789,
      0.00851897631165678
    ],
    [
      0.004067830337892244,
      0.958325940203588,
      0.02342066830830441,
      0.0048137547926013005,
      0.005105828358514619,
      0.004265977999099515
    ],
    [
      0.9585597219754268,
      0.013379823822203764,
      0.006120891786560245,
      0.006019058349198478,
      0.007902372211010467,
      0.008018131855600174
    ],
    [
      0.8895549701441535,
      0.03602501720970986,
      0.01902641586600076,
      0.014086536852183683,
      0.02022543561328626,
      0.021081624314666005
    ],
    [
      0.003663910059670578,
      0.011934262348835054,
      0.00853647244084198,
      0.006195566936720184,
      0.003893103317759777,
      0.9657766848961724
    ],
    [
      0.9584096750994434,
      0.012397279709881045,
      0.006653368537673338,
      0.006667226159249157,
      0.006610860431262753,
      0.009261590062490357
    ],
    [
      0.0403501325881384,
      0.07772445524428419,
      0.03879693204311996,
      0.06961388461728357,
      0.04218475725982188,
      0.7313298382473521
    ],
    [
      0.003440809791254386,
      0.018586856573580092,
      0.004034899002234291,
      0.005741678292401341,
      0.9628182764571834,
      0.005377479883346288
    ],
    [
      0.962153850819109,
      0.011811401394282032,
      0.0055493274134336005,
      0.005625051639007357,
      0.007346184883824176,
      0.007514183850343906
    ],
    [
      0.0044694416039214695,
      0.016126660419407444,
      0.010345162465125977,
      0.014147440515542233,
      0.0050495018108479605,
      0.949861793185155
    ],
    [
      0.9521091070579001,
      0.015740628352341624,
      0.006733300140086788,
      0.009117063520700608,
      0.00712853260082211,
      0.009171368328148898
    ],
    [
      0.004801401299262735,
      0.008559667156040923,
      0.007070061683172308,
      0.9682305485531371,
      0.005595883229403212,
      0.005742438078983808
    ],
    [
      0.9516497016048798,
      0.01580313398326837,
      0.00670643262968416,
      0.009164540487064176,
      0.007460692441559231,
      0.009215498853544028
    ],
    [
      0.9510453335525126,
      0.01515632937214197,
      0.007308715949407294,
      0.00709963657322708,
      0.009586503996123734,
      0.009803480556587231
    ],
    [
      0.9496883662313977,
      0.014977244714701665,
      0.007770521446147644,
      0.007834863273597871,
      0.008875982568771515,
      0.010853021765383412
    ],
    [
      0.933505534411766,
      0.02236528226039124,
      0.009192370784839895,
      0.012040161380646864,
      0.010882082695926994,
      0.01201456846642906
    ],
    [
      0.9320022569532672,
      0.02115772688285986,
      0.010464476906671332,
      0.010066049082666808,
      0.012190189762728731,
      0.01411930041180598
    ],
    [
      0.9491748392747072,
      0.01652259146791149,
      0.007004587090292451,
      0.009791388398047711,
      0.007880311222244049,
      0.009626282546796922
    ],
    [
      0.003595713488576353,
      0.011573067464139017,
      0.008372676942853183,
      0.006085704368692536,
      0.003804208810559309,
      0.9665686289251796
    ],
    [
      0.8221146177791555,
      0.0746861687725753,
      0.03211900440479354,
      0.018710893652189302,
      0.02529044671376399,
      0.027078868677522395
    ],
    [
      0.0033514096097355087,
      0.013837853165230082,
      0.003913228896507834,
      0.005069251522339534,
      0.9684477720554582,
      0.005380484750728919
    ],
    [
      0.007464067636396376,
      0.8620934636709071,
      0.10399062506713096,
      0.00846333321875993,
      0.010031791541590335,
      0.00795671886521522
    ],
    [
      0.9578095335836061,
      0.012912569363762878,
      0.006423665714631486,
      0.0064530772134458615,
      0.007777973760439866,
      0.008623180364113777
    ],
    [
      0.0032851322688341603,
      0.01356521447620489,
      0.0038151130254073825,
      0.004883448279510324,
      0.9692521002964076,
      0.005198991653635575
    ],
    [
      0.0038736811255283866,
      0.06726017657569305,
      0.9141936151493475,
      0.006477924728015022,
      0.004413014228656159,
      0.00378158819275983
    ],
    [
      0.959311314608707,
      0.01213990243388698,
      0.006536849459971641,
      0.006555535019948177,
      0.006329248169723785,
      0.009127150307762455
    ],
    [
      0.0035342881479794256,
      0.015451426391671073,
      0.004312499370186755,
      0.0052797965857512,
      0.9655744433790725,
      0.005847546125338864
    ],
    [
      0.9404876640103985,
      0.020150304420968424,
      0.00903946717330402,
      0.01086006359780711,
      0.008421495781693607,
      0.01104100501582861
    ],
    [
      0.9533056916837387,
      0.013992215018637651,
      0.007399834103332715,
      0.007305307391686392,
      0.008508136175550839,
      0.009488815627053632
    ],
    [
      0.009910964399228358,
      0.03305200879148606,
      0.012531634901666998,
      0.01240941495730653,
      0.9186822987005682,
      0.013413678249743927
    ],
    [
      0.9564912955069389,
      0.01318896145037288,
      0.006928905098718357,
      0.00646927157821361,
      0.008005926161165088,
      0.008915640204591147
    ],
    [
      0.004002177328622812,
      0.9577463335351059,
      0.02434478351369723,
      0.0047758109791457455,
      0.004924064223185023,
      0.004206830420243164
    ],
    [
      0.9377888123827016,
      0.019896302687036006,
      0.011299444256829633,
      0.009184427346826788,
      0.009272388326347476,
      0.012558625000258224
    ],
    [
      0.950678832655556,
      0.015591144802077706,
      0.007971678054154427,
      0.007056945991477373,
      0.008961146065864694,
      0.009740252430870145
    ],
    [
      0.9504710435888213,
      0.01572305115862958,
      0.007639482333070984,
      0.007078097402328859,
      0.00920970332288986,
      0.009878622194259416
    ],
    [
      0.9415671937464212,
      0.019270354091959162,
      0.010014053850118838,
      0.008667937611379775,
      0.008530171098846157,
      0.0119502896012748
    ],
    [
      0.9630359589645819,
      0.011447911150131001,
      0.005376769994078107,
      0.0055283099887890605,
      0.007248006489839637,
      0.007363043412580365
    ],
    [
      0.9493431803814756,
      0.017046477569285765,
      0.007395852270984771,
      0.009419934802248961,
      0.007316582400148308,
      0.009477972575856622
    ],
    [
      0.947454507997793,
      0.017493193277367668,
      0.007390418939474446,
      0.009775762389851603,
      0.008047443883291226,
      0.009838673512222153
    ],
    [
      0.9571831428698078,
      0.01303018579944196,
      0.0068301291628687835,
      0.006297829287452742,
      0.00788451174678711,
      0.008774201133641787
    ],
    [
      0.9595439053188556,
      0.012032382260353807,
      0.006473838285847881,
      0.006496734038987327,
      0.006374750381673632,
      0.009078389714281803
    ],
    [
      0.00790165234815407,
      0.02778601949706791,
      0.011144230772595194,
      0.009958921310660148,
      0.9318102849145842,
      0.011398891156938477
    ],
    [
      0.9463613044620101,
      0.017637697589379137,
      0.007454099547850409,
      0.009985529080239355,
      0.008564937762053467,
      0.009996431558467913
    ],
    [
      0.96380433237782,
      0.011185862753152486,
      0.005271345252240808,
      0.0054227551219609,
      0.007079591308573115,
      0.007236113186252588
    ],
    [
      0.951390626314627,
      0.015109146991453102,
      0.007045691259119295,
      0.0070148843224894656,
      0.010104572523634428,
      0.00933507858867661
    ],
    [
      0.9549676915027755,
      0.014730169966997749,
      0.006331536600264096,
      0.008658570950034458,
      0.006652985115254895,
      0.008659045864673197
    ],
    [
      0.004500990662761897,
      0.08189426870508654,
      0.8971381109932285,
      0.0054964979376858495,
      0.005788938266743013,
      0.005181193434494092
    ],
    [
      0.9560694354463902,
      0.01335143647356714,
      0.006985363498752973,
      0.006446030954697341,
      0.008171673521960162,
      0.00897606010463233
    ],
    [
      0.9558758986861822,
      0.013427953448296451,
      0.007023669797082704,
      0.006477433885469856,
      0.008152382440423147,
      0.009042661742545512
    ],
    [
      0.0033067467207337606,
      0.013771461155926694,
      0.003888878482156556,
      0.004958003257083571,
      0.9687322064227252,
      0.005342703961374157
    ],
    [
      0.9633772938451755,
      0.011297395774939972,
      0.005317947475461833,
      0.005480475500081387,
      0.0072273578897963375,
      0.007299529514544936
    ],
    [
      0.004403011110040474,
      0.007676118149020168,
      0.00641695609989961,
      0.9714025512853683,
      0.0049929320122860405,
      0.005108431343385382
    ],
    [
      0.9508558717994178,
      0.015191382932546304,
      0.007759995912536005,
      0.007065078681757325,
      0.009363423123092896,
      0.009764247550649627
    ],
    [
      0.9555025550028705,
      0.013499010073728087,
      0.007068830696955452,
      0.006550120951058862,
      0.008269672814175023,
      0.00910981046121193
    ],
    [
      0.9460669418874584,
      0.017598033280159728,
      0.007403169914909406,
      0.010071800402249894,
      0.008786451972845824,
      0.010073602542376712
    ],
    [
      0.9406812677672305,
      0.019580770590773556,
      0.008102048298594082,
      0.010839868478682504,
      0.009948692641036759,
      0.010847352223682707
    ],
    [
      0.9479467122100882,
      0.015848600270527806,
      0.00822186632607892,
      0.007624306900228869,
      0.009721983808847371,
      0.010636530484228643
    ],
    [
      0.9098548814175083,
      0.03295879396682781,
      0.014761966025766845,
      0.015009455289074854,
      0.012590875133445475,
      0.014824028167377058
    ],
    [
      0.9569383206041729,
      0.01312672385411008,
      0.006872602380326299,
      0.006325158090235302,
      0.007925734127171798,
      0.008811460943983638
    ],
    [
      0.0040163217614578445,
      0.015410597994709677,
      0.006304537173930665,
      0.006346782927469678,
      0.962048945648292,
      0.0058728144941400575
    ],
    [
      0.004014704541988302,
      0.01406037553007737,
      0.009192119056365328,
      0.012744684336845207,
      0.004380874781060458,
      0.9556072417536633
    ],
    [
      0.948547165439479,
      0.015729336621200473,
      0.0077972668475797475,
      0.007656022797748306,
      0.00973211119413779,
      0.010538097099854725
    ],
    [
      0.951488672133335,
      0.015255706430221765,
      0.0071407060660055015,
      0.006915641875798624,
      0.009972059928887111,
      0.009227213565751902
    ],
    [
      0.9629133810071691,
      0.011443559138817396,
      0.005383467813435921,
      0.005542085017878588,
      0.007335413685110165,
      0.007382093337588933
    ],
    [
      0.006003359658620249,
      0.01949177501742837,
      0.007020568942736471,
      0.00744739858443038,
      0.9520560268217774,
      0.007980870975007241
    ],
    [
      0.9577905029540074,
      0.012917921866230564,
      0.006774855592669578,
      0.006692578555363027,
      0.006504370324866159,
      0.009319770706863182
    ],
    [
      0.9418049809338435,
      0.01895082219959636,
      0.009276603147401698,
      0.008136987598030027,
      0.010099944740225216,
      0.011730661380903068
    ],
    [
      0.9524200366080203,
      0.014520858503190372,
      0.007894452320925695,
      0.007449015780724091,
      0.007358478546622824,
      0.010357158240516622
    ],
    [
      0.0036132731844852476,
      0.010460554925351842,
      0.00803964381188854,
      0.00555979206825113,
      0.004016675510702402,
      0.9683100604993209
    ],
    [
      0.9448369260544438,
      0.016856446113476715,
      0.008251372260696076,
      0.007947816137334703,
      0.010963579576992892,
      0.011143859857055809
    ],
    [
      0.9572329670400571,
      0.013013393834667937,
      0.006822062778011557,
      0.006288407840760671,
      0.007874931682411988,
      0.00876823682409066
    ],
    [
      0.9553896740094615,
      0.01364470332987386,
      0.007120767239884274,
      0.006531130433883311,
      0.008209758065605593,
      0.009103966921291604
    ],
    [
      0.9526019148548126,
      0.0156342964749313,
      0.0066500250486722515,
      0.008998100052271538,
      0.00709490314782208,
      0.00902076042149026
    ],
    [
      0.9548223284165278,
      0.013856757657468338,
      0.007239750758682359,
      0.006600365293857845,
      0.008288943961282758,
      0.009191853912181127
    ],
    [
      0.009365450651879877,
      0.659345480992048,
      0.29837957643396223,
      0.01096685616636159,
      0.0121635454845237,
      0.00977909027122445
    ],
    [
      0.009595393462284782,
      0.1465384327564716,
      0.8034895844559792,
      0.011195540915012951,
      0.011760928681666422,
      0.017420119728585075
    ],
    [
      0.0035600456240543602,
      0.013098991454645843,
      0.005361375192268098,
      0.005713977273140388,
      0.9670452950330485,
      0.005220315422842842
    ],
    [
      0.9528418150048148,
      0.015213242329287427,
      0.007558673582136936,
      0.006735223900406034,
      0.008140562434641624,
      0.00951048274871317
    ],
    [
      0.9060542242832785,
      0.031773886895084716,
      0.013925973028649985,
      0.011895455128892283,
      0.019193175474478987,
      0.01715728518961548
    ],
    [
      0.0035614100221670144,
      0.011499173037435383,
      0.008202052673108539,
      0.006016952393253194,
      0.0037815901561022006,
      0.9669388217179337
    ],
    [
      0.033744479210317264,
      0.5828144168097042,
      0.27146536412772293,
      0.027626898691586972,
      0.05124707520991401,
      0.033101765950754494
    ],
    [
      0.004326021954096569,
      0.013284884814397744,
      0.012238940532369189,
      0.006812604451910532,
      0.005265019655452427,
      0.9580725285917736
    ],
    [
      0.9405462284549004,
      0.018400505408709803,
      0.008465758067297208,
      0.008274718706143163,
      0.012748678669541614,
      0.011564110693407898
    ],
    [
      0.9597685399584908,
      0.011945533754918716,
      0.006424072306154762,
      0.006478309279641546,
      0.0063744604754941234,
      0.009009084225300269
    ],
    [
      0.9567932593525557,
      0.013136060090920009,
      0.006889156675519133,
      0.00636524233717439,
      0.007962193343924947,
      0.008854088199905746
    ],
    [
      0.003820137215664821,
      0.013687303190262044,
      0.0056693034824666115,
      0.006103751464740465,
      0.9651514330494025,
      0.005568071597463628
    ],
    [
      0.9616536877350028,
      0.011888688076227052,
      0.005756314169253523,
      0.00567945763508815,
      0.007454318068522789,
      0.007567534315905882
    ],
    [
      0.9575871682446712,
      0.012579163787619661,
      0.006761338650663646,
      0.006917945535007954,
      0.006661742210264183,
      0.00949264157177337
    ],
    [
      0.9524500195304287,
      0.015537733664908071,
      0.006729761767188674,
      0.009222989302622457,
      0.006951448010176139,
      0.009108047724675885
    ],
    [
      0.9553331105343685,
      0.01470689507719478,
      0.0063100020581281415,
      0.008491646511221827,
      0.006565151977924754,
      0.008593193841162177
    ],
    [
      0.9548696307173172,
      0.014833151675051401,
      0.0063295427640995645,
      0.008559935649275277,
      0.006760514704612036,
      0.008647224489644422
    ],
    [
      0.9560080345363305,
      0.013399608036614682,
      0.007005311638399985,
      0.00645106813329829,
      0.0081505774641405,
      0.008985400191216077
    ],
    [
      0.9347844821321616,
      0.020670019256148538,
      0.01134153604180329,
      0.009681419472242077,
      0.009845376077215709,
      0.013677167020428664
    ],
    [
      0.005866023407747876,
      0.014237634806130509,
      0.012406249654977221,
      0.008023894927940754,
      0.0079289000391123,
      0.9515372971640914
    ],
    [
      0.003265712440252574,
      0.01364742726534925,
      0.0038439323350082715,
      0.004915057837939362,
      0.9690462247154846,
      0.005281645405966122
    ],
    [
      0.9491360842793324,
      0.016763487905743467,
      0.007257070713829478,
      0.009650039266699845,
      0.007523676682786745,
      0.00966964115160796
    ],
    [
      0.959196387538232,
      0.01220433675605331,
      0.006532949919039498,
      0.006549687182859672,
      0.006393315284393592,
      0.009123323319421856
    ],
    [
      0.9532933256221476,
      0.01417229242823944,
      0.007416200136156874,
      0.006871723010285962,
      0.008654354702286994,
      0.009592104100882924
    ],
    [
      0.02249348896034416,
      0.2753267956109919,
      0.04021908445386098,
      0.026328482087720907,
      0.6094580257803918,
      0.02617412310669025
    ],
    [
      0.0036027487510204184,
      0.01034566543000045,
      0.008042294099045994,
      0.005554917195569885,
      0.003975714711866731,
      0.9684786598124965
    ],
    [
      0.003971463206464463,
      0.011851432438293116,
      0.010944985864919852,
      0.006239663504463342,
      0.004730338371224506,
      0.9622621166146347
    ],
    [
      0.004207681261029722,
      0.9537680606081165,
      0.027528212800975463,
      0.005009254968315369,
      0.005093138630355973,
      0.0043936517312072165
    ],
    [
      0.9604336391559126,
      0.011787282015753128,
      0.0063561763854505056,
      0.006365556073522175,
      0.006176458005042077,
      0.00888088836431957
    ],
    [
      0.0035503072127166307,
      0.01143103036204909,
      0.008163104033250919,
      0.006003760112995062,
      0.0037545441430972236,
      0.9670972541358912
    ],
    [
      0.9418713125283189,
      0.01899913862932332,
      0.009420871941005484,
      0.00811421966883408,
      0.010002798142721292,
      0.011591659089796688
    ],
    [
      0.9557323079376275,
      0.013307348809928265,
      0.007362956038486673,
      0.007014644404738425,
      0.0067422211640115436,
      0.00984052164520755
    ],
    [
      0.003512428323249446,
      0.010040250624723693,
      0.007775448114946347,
      0.005412680697052062,
      0.003859980225743841,
      0.9693992120142846
    ],
    [
      0.9561659448225225,
      0.013436047660332134,
      0.006385233425661884,
      0.006463182109260714,
      0.008769453698841929,
      0.008780138283380892
    ],
    [
      0.9625821614634721,
      0.011521409172734032,
      0.005439145828787409,
      0.0056274028949479925,
      0.007328991951599372,
      0.007500888688458814
    ],
    [
      0.9546361413102884,
      0.013767945591632448,
      0.007205352782892547,
      0.00671942010983763,
      0.008419471932773632,
      0.009251668272575201
    ],
    [
      0.9630605067797207,
      0.011387604269700518,
      0.005366934531688591,
      0.0055451918860306496,
      0.007235361197078498,
      0.0074044013357811396
    ],
    [
      0.004003012663872922,
      0.013441425882537767,
      0.009998646866058985,
      0.006704836288203194,
      0.004312866415527939,
      0.9615392118837993
    ],
    [
      0.9594099852875263,
      0.012104680596758724,
      0.006490686905019655,
      0.0065176056524656745,
      0.006387550450215678,
      0.009089491108014044
    ],
    [
      0.004522022506740822,
      0.09595966691299697,
      0.8835943314468145,
      0.0053903240612650834,
      0.00577460319665582,
      0.004759051875526545
    ],
    [
      0.9608132641215967,
      0.012101413814086292,
      0.005696096161486363,
      0.00585465503093784,
      0.007773688779297735,
      0.007760882092595044
    ],
    [
      0.941574801810277,
      0.019085528133872952,
      0.007971501366846451,
      0.010945358332680764,
      0.009590749867287585,
      0.010832060489035287
    ],
    [
      0.9611613163889283,
      0.011556393539921479,
      0.006240921394599672,
      0.0062650081898722575,
      0.006038065714360844,
      0.008738294772317214
    ],
    [
      0.0036004657414273828,
      0.010431744602365532,
      0.007984066016041975,
      0.005540370900426313,
      0.003989301930829162,
      0.9684540508089096
    ],
    [
      0.9619786728983913,
      0.011732906985691417,
      0.005521142987008098,
      0.0056990251067854806,
      0.007500206944497718,
      0.007568045077626069
    ],
    [
      0.9602442172342759,
      0.01182647404618856,
      0.0063791538514959166,
      0.006414478917415108,
      0.006187887195531117,
      0.00894778875509338
    ],
    [
      0.0032560888411528282,
      0.013558145778774353,
      0.003810128467133488,
      0.004851829817445192,
      0.9693145727647213,
      0.005209234330772831
    ],
    [
      0.9602168565030514,
      0.012222358364776802,
      0.005736957950537634,
      0.005929149048964693,
      0.007995464441331672,
      0.007899213691337968
    ],
    [
      0.004295785715065166,
      0.015221368487951798,
      0.010291009769122157,
      0.013479647196216702,
      0.004690619865824233,
      0.9520215689658199
    ],
    [
      0.9607451534101255,
      0.01168556916474534,
      0.006303252809521397,
      0.00633446201732771,
      0.0061058358790886695,
      0.008825726719191568
    ],
    [
      0.9437153242249222,
      0.017508570626527352,
      0.008388582178054623,
      0.007953282787737773,
      0.011198508071876973,
      0.011235732110880867
    ],
    [
      0.9553859697029754,
      0.01381965708902477,
      0.0067885264451209406,
      0.006537664170810398,
      0.008395199666535085,
      0.009072982925533402
    ],
    [
      0.955770999610639,
      0.013459869764733583,
      0.007041183893180673,
      0.006489473123147073,
      0.008189414666493281,
      0.009049058941806432
    ],
    [
      0.9542392486102652,
      0.013884298476761377,
      0.007231939214309759,
      0.006697162538995528,
      0.008665502417354688,
      0.0092818487423135
    ],
    [
      0.9479858718175084,
      0.017271579181271996,
      0.00738535652353659,
      0.009735282725276358,
      0.007769942362450075,
      0.009851967389956664
    ],
    [
      0.9600993552852157,
      0.012315107899121346,
      0.006134009548661682,
      0.006019437645195292,
      0.007261880161590796,
      0.008170209460215192
    ],
    [
      0.9528461273495724,
      0.014411788600676509,
      0.007473598326546033,
      0.006900111971808382,
      0.008856620283192933,
      0.009511753468203498
    ],
    [
      0.9478323591352935,
      0.016360895023182147,
      0.008147044287507555,
      0.007483653341554544,
      0.009651651671428948,
      0.01052439654103321
    ],
    [
      0.963925271149366,
      0.01115009753655924,
      0.005253364116863433,
      0.005403025408536547,
      0.0070545079370508725,
      0.007213733851623786
    ],
    [
      0.005319743987958613,
      0.12148633993068225,
      0.8552828031652969,
      0.005864090223202832,
      0.006454377330735421,
      0.005592645362123825
    ],
    [
      0.004396827433578021,
      0.01049708416939053,
      0.009865732230693081,
      0.006279490896016458,
      0.005584916575880296,
      0.9633759486944417
    ],
    [
      0.9519796799824264,
      0.014784765660814384,
      0.007607911740992527,
      0.006952165264877539,
      0.009047111353824522,
      0.00962836599706452
    ],
    [
      0.9568954705120148,
      0.013131629258878754,
      0.0068822157707665145,
      0.006324814875694698,
      0.007951340809070909,
      0.008814528773574361
    ],
    [
      0.9565288922145266,
      0.013555592763105672,
      0.006608309813439065,
      0.006378544529184693,
      0.008151169087461338,
      0.008777491592282598
    ],
    [
      0.8268646146088457,
      0.07332585370965075,
      0.03131116864223114,
      0.017811632962909777,
      0.02485500535059916,
      0.02583172472576348
    ],
    [
      0.003681520202898164,
      0.013634342008223907,
      0.005588930188403719,
      0.005920130459516758,
      0.9657563431363939,
      0.005418734004563556
    ],
    [
      0.961344264362317,
      0.011872057461016473,
      0.005618716682976227,
      0.005827672564699273,
      0.007572909889349726,
      0.007764379039641169
    ],
    [
      0.9230066898256869,
      0.026298225675589787,
      0.01081683426990634,
      0.013766598644890077,
      0.012188582307685334,
      0.013923069276241554
    ],
    [
      0.9628765324617174,
      0.011572458104992522,
      0.005425019580578881,
      0.005528254614285353,
      0.007222125434546764,
      0.007375609803879256
    ],
    [
      0.0035367824262221813,
      0.013049955068197994,
      0.005333306701464934,
      0.005689004204058842,
      0.9672133486877897,
      0.0051776029122663015
    ],
    [
      0.9453955856148832,
      0.01738469457943495,
      0.008514606613506337,
      0.0078032902738348784,
      0.009965637918785294,
      0.010936184999555336
    ],
    [
      0.9546679372197426,
      0.013843769108603446,
      0.007211040974762834,
      0.006624131019298759,
      0.008448177504925332,
      0.009204944172666955
    ],
    [
      0.005609903977617487,
      0.018671103144663668,
      0.015892644337204345,
      0.008658983415595853,
      0.007361995929952282,
      0.9438053691949664
    ],
    [
      0.01873540179545618,
      0.335185441098987,
      0.5658190283073612,
      0.020999476765890798,
      0.026279542478395205,
      0.03298110955390949
    ],
    [
      0.004105391854335421,
      0.012042314704813213,
      0.004418048200454382,
      0.005488450606220906,
      0.9682541500287751,
      0.005691644605400977
    ],
    [
      0.9442622068344925,
      0.017550937516873293,
      0.008625885563495648,
      0.00797651706329731,
      0.010468721422013678,
      0.011115731599827986
    ],
    [
      0.9516978117687844,
      0.015090229901394988,
      0.007743597164412353,
      0.0069447943348536,
      0.00888668900177845,
      0.009636877828776078
    ],
    [
      0.9595939339235134,
      0.012078203675511386,
      0.006498541012031012,
      0.006481310991037645,
      0.006278658958576958,
      0.009069351439329779
    ],
    [
      0.9561535980063478,
      0.013499236488220635,
      0.006320337608784509,
      0.006470174848319073,
      0.009003295737246779,
      0.00855335731108122
    ],
    [
      0.005219581583943089,
      0.010275551605367023,
      0.008190768290658346,
      0.9644842579721912,
      0.005638372273482433,
      0.006191468274357934
    ],
    [
      0.007640539161871363,
      0.02428497618023336,
      0.020712060050683944,
      0.011957514420275095,
      0.011840393675386918,
      0.9235645165115494
    ],
    [
      0.9570893770052704,
      0.013039769583594384,
      0.006841739960556199,
      0.006324722549817492,
      0.00790038801750038,
      0.00880400288326119
    ],
    [
      0.9626254380756396,
      0.011519023184792239,
      0.005421774511617113,
      0.00561682161209514,
      0.007364671674181,
      0.007452270941675049
    ],
    [
      0.9556463297966922,
      0.014563789949268815,
      0.00625499099262434,
      0.00842928368321675,
      0.0065461497090432965,
      0.008559455869154648
    ],
    [
      0.8971015210966179,
      0.037309266652244884,
      0.01710379795434729,
      0.01265202987045759,
      0.017833920696973732,
      0.017999463729358234
    ],
    [
      0.003983837108579819,
      0.013960809190831206,
      0.009105317256489193,
      0.012639895313014436,
      0.0043454769676236436,
      0.9559646641634617
    ],
    [
      0.9239381640436001,
      0.02808052271048367,
      0.011344899214902839,
      0.013063947387739687,
      0.010719303413348907,
      0.012853163229924967
    ],
    [
      0.9414326001761872,
      0.01834352673883153,
      0.008378290004754665,
      0.008464043290966871,
      0.01197771298004232,
      0.011403826809217303
    ],
    [
      0.00496899318692853,
      0.009775931971305793,
      0.007770950759027449,
      0.966521120864162,
      0.005340160974188952,
      0.00562284224438698
    ],
    [
      0.003968808284943663,
      0.013892936124683807,
      0.009059253168788606,
      0.012612093198470191,
      0.004319335556856508,
      0.9561475736662572
    ],
    [
      0.006665375961188337,
      0.1863023359852027,
      0.7815918005890229,
      0.010889831646411321,
      0.007889825359596288,
      0.006660830458578473
    ],
    [
      0.9595364420305402,
      0.012461701577018309,
      0.005866663341133861,
      0.006017207443986431,
      0.008055528751155028,
      0.008062456856166349
    ],
    [
      0.9570867518474911,
      0.012965094943894433,
      0.006848706592780996,
      0.006808035923747607,
      0.006826005125647773,
      0.00946540556643806
    ],
    [
      0.00446764337867433,
      0.013909595289288873,
      0.012738605079147468,
      0.006957232247828276,
      0.005445530180485448,
      0.9564813938245756
    ],
    [
      0.9512572966593839,
      0.014527511471332875,
      0.007635835670990601,
      0.0077882681688432485,
      0.008111805319202584,
      0.010679282710246646
    ],
    [
      0.8891859419136453,
      0.03710151294180855,
      0.01494762728894642,
      0.019323346005003874,
      0.02093101581014096,
      0.01851055604045508
    ],
    [
      0.9595954720683594,
      0.012734609076907284,
      0.005932232874701815,
      0.005936727537575916,
      0.007857834051573738,
      0.007943124390881793
    ],
    [
      0.951890856972471,
      0.014473274074027199,
      0.0075753570620552945,
      0.007157057228073386,
      0.009081945009856977,
      0.009821509653516167
    ],
    [
      0.9590774798155925,
      0.012190799775961958,
      0.006557112501551392,
      0.006596434291489157,
      0.006382437635037253,
      0.009195735980367705
    ],
    [
      0.9473035435397449,
      0.0173035340183958,
      0.007269117669499067,
      0.00983022456419379,
      0.008475465467810877,
      0.009818114740355799
    ],
    [
      0.9477175825634073,
      0.015977796166885827,
      0.008260533017090519,
      0.00817337345419799,
      0.008483009514844517,
      0.011387705283573609
    ],
    [
      0.937572928675349,
      0.02052088561068265,
      0.00855814738431766,
      0.011480776892333065,
      0.01045989254927094,
      0.011407368888046653
    ],
    [
      0.9250040162645617,
      0.02392589905837058,
      0.011265098495169327,
      0.010306273236946677,
      0.014989009492124368,
      0.014509703452827337
    ],
    [
      0.004408636451684688,
      0.015744397403290932,
      0.010532690362218397,
      0.013883204417694096,
      0.004848554319210184,
      0.9505825170459017
    ],
    [
      0.9605105317156658,
      0.011786582693703071,
      0.006352132080194173,
      0.006354126849096884,
      0.006132727382648532,
      0.0088638992786912
    ],
    [
      0.0044891110344749685,
      0.015357865541172204,
      0.011050627877439084,
      0.007611744171179504,
      0.004996971342392728,
      0.9564936800333416
    ],
    [
      0.9545989413570608,
      0.013879700202312356,
      0.007271615497431471,
      0.006616952537747637,
      0.008449214036677788,
      0.009183576368769856
    ],
    [
      0.9629701383219881,
      0.011419101509001836,
      0.0053880504196142966,
      0.005561810741371233,
      0.007246436172203153,
      0.007414462835821505
    ],
    [
      0.9550325298149078,
      0.013647186103462073,
      0.007124105848971225,
      0.006592046493175505,
      0.008430634231983467,
      0.009173497507499708
    ],
    [
      0.8980668464745152,
      0.036639772102520216,
      0.017854503317703045,
      0.012608952756240424,
      0.015739322513951083,
      0.01909060283507013
    ],
    [
      0.9522724630825503,
      0.014756442759108881,
      0.007284854624890839,
      0.007143922042718862,
      0.008815286878627112,
      0.009727030612103855
    ],
    [
      0.9628569453058253,
      0.011506426179084428,
      0.005409166602579761,
      0.005551205407550572,
      0.007267428450715507,
      0.007408828054244562
    ],
    [
      0.003563415585304165,
      0.011516315208405263,
      0.008211494044456412,
      0.006018329655657991,
      0.003788868313057339,
      0.9669015771931188
    ],
    [
      0.9568211314064635,
      0.013156123745578742,
      0.006891394304028508,
      0.006346186314837808,
      0.007944321625732961,
      0.0088408426033586
    ],
    [
      0.9372784467918261,
      0.018985792872751407,
      0.009228803334851972,
      0.009244165388669187,
      0.012662562728052667,
      0.012600228883848753
    ],
    [
      0.0032169005314771006,
      0.01779781042989025,
      0.0038100474172914206,
      0.005368130781897811,
      0.9647650079727069,
      0.005042102866736518
    ],
    [
      0.9622856560306359,
      0.011637690018984724,
      0.005461008491374019,
      0.0056317683816812375,
      0.007502148259328318,
      0.007481728817995855
    ],
    [
      0.9542291118975138,
      0.015085318047545518,
      0.006503347466168104,
      0.008695443618464409,
      0.006723830412915219,
      0.008762948557392925
    ],
    [
      0.003932066524633364,
      0.06859104162691687,
      0.9125318440480724,
      0.006593806102973417,
      0.00451387010002258,
      0.003837371597381447
    ],
    [
      0.9516628600349117,
      0.01495005941702465,
      0.007712431525937842,
      0.006976746301595253,
      0.009035979077847681,
      0.009661923642683059
    ],
    [
      0.9557115991479478,
      0.01373053668089393,
      0.006800753769310203,
      0.006519136940736231,
      0.008166025791895994,
      0.00907194766921571
    ],
    [
      0.9329085816258939,
      0.0206834897645356,
      0.009509744298401068,
      0.009103428886998667,
      0.014813298301784109,
      0.012981457122386556
    ],
    [
      0.004012929152626873,
      0.011989905574700317,
      0.009751469462818322,
      0.006142704831385707,
      0.004491618479323998,
      0.9636113724991447
    ],
    [
      0.8888635108199541,
      0.045180068946076304,
      0.01898921888176963,
      0.017002155104707522,
      0.01315147091142425,
      0.01681357533606799
    ],
    [
