{
  "model_name": "ensemble_lgbm",
  "fold_metrics": [
    {
      "fold": 1,
      "train_macro_f1": 1.0,
      "val_macro_f1": 0.9165
    },
    {
      "fold": 2,
      "train_macro_f1": 1.0,
      "val_macro_f1": 0.941
    },
    {
      "fold": 3,
      "train_macro_f1": 1.0,
      "val_macro_f1": 0.9373
    },
    {
      "fold": 4,
      "train_macro_f1": 1.0,
      "val_macro_f1": 0.9362
    },
    {
      "fold": 5,
      "train_macro_f1": 1.0,
      "val_macro_f1": 0.9362
    }
  ],
  "summary": {
    "mean_val_macro_f1": 0.9334,
    "std_val_macro_f1": 0.0087,
    "mean_train_macro_f1": 1.0,
    "mean_overfit_gap": 0.0666,
    "fold_val_f1s": [
      0.9165,
      0.941,
      0.9373,
      0.9362,
      0.9362
    ],
    "fold_train_f1s": [
      1.0,
      1.0,
      1.0,
      1.0,
      1.0
    ]
  },
  "oof_metrics": {
    "macro_f1": 0.9338,
    "accuracy": 0.98,
    "per_class_f1": {
      "Human": 0.998,
      "DeepSeek": 0.7403,
      "Grok": 0.893,
      "Claude": 1.0,
      "Gemini": 0.9811,
      "ChatGPT": 0.9906
    }
  },
  "oof_classification_report": "              precision    recall  f1-score   support\n\n       Human       1.00      1.00      1.00      1520\n    DeepSeek       0.77      0.71      0.74        80\n        Grok       0.87      0.91      0.89       160\n      Claude       1.00      1.00      1.00        80\n      Gemini       0.99      0.97      0.98       240\n     ChatGPT       0.99      0.99      0.99       320\n\n    accuracy                           0.98      2400\n   macro avg       0.94      0.93      0.93      2400\nweighted avg       0.98      0.98      0.98      2400\n",
  "oof_proba": [
    [
      0.9812223676315008,
      0.00327194510536455,
      0.0004398600067648944,
      0.0031438374463150605,
      0.009625505962531882,
      0.002296483847522888
    ],
    [
      0.007631222497084922,
      0.4127538775162916,
      0.5714624385791975,
      0.0007454918311493675,
      0.005337946819172672,
      0.002069022757103879
    ],
    [
      0.9903240679656595,
      0.001571042091501876,
      0.0004241376454674224,
      0.001681243668080436,
      0.004051881127712063,
      0.0019476275015786412
    ],
    [
      0.0011450946988350078,
      0.0007872709103845188,
      0.0009845844673103802,
      0.9952548695303466,
      0.0005074952849355059,
      0.0013206851081880215
    ],
    [
      0.9856724670865943,
      0.0005369588249458618,
      9.303835891512646e-05,
      0.008185875215485493,
      0.004263532569569078,
      0.0012481279444903938
    ],
    [
      0.008012469624011425,
      0.5706549103085213,
      0.40165870088333255,
      0.004684452215732442,
      0.012834303198852816,
      0.0021551637695495034
    ],
    [
      0.9800733479501258,
      0.00798768760629507,
      0.0034692174741627396,
      0.0025363467601623394,
      0.004020905504723986,
      0.0019124947045301214
    ],
    [
      0.0006253087935474972,
      0.002896279844827581,
      0.008937242412842477,
      0.0024099027878666103,
      0.0073756507606185994,
      0.9777556154002973
    ],
    [
      0.9866021716297865,
      0.0008444580676472043,
      0.0006264389876051204,
      0.002724754926547849,
      0.00740840490245573,
      0.0017937714859575017
    ],
    [
      0.9708737501540973,
      0.008274512767775268,
      0.0018330682894524628,
      0.003617632858503068,
      0.011980755877455673,
      0.0034202800527160307
    ],
    [
      0.0005835525148193065,
      0.27636567217956387,
      0.718242160738638,
      0.0005908629135943883,
      0.0013830604704686811,
      0.0028346911829157965
    ],
    [
      0.003027404920576201,
      0.8457018403699843,
      0.1456125150364302,
      0.0016419728392450803,
      0.0031121434099000613,
      0.0009041234238641401
    ],
    [
      0.0032396354830246674,
      0.13855632438316337,
      0.8434886020983181,
      0.0004941514587519878,
      0.013791898260397272,
      0.0004293883163446056
    ],
    [
      0.0018294176643189558,
      0.000873031842459971,
      0.0014164919747557366,
      0.993691966767243,
      0.0005904244545850251,
      0.0015986672966373106
    ],
    [
      0.0013574143689571044,
      0.0077732047830035185,
      0.00599124790862856,
      0.001945248149809577,
      0.006315827594331935,
      0.9766170571952693
    ],
    [
      0.9785685698727363,
      0.0034433067385991967,
      0.0009559660000956588,
      0.0020481372791364564,
      0.013787125043273122,
      0.0011968950661594003
    ],
    [
      0.0005756075421459742,
      0.002461624318995258,
      0.005249504548602766,
      0.0014961091415087414,
      0.0015936588783510472,
      0.9886234955703963
    ],
    [
      0.981642609162175,
      0.002424569106995867,
      0.0006057864033687184,
      0.0041807661948037745,
      0.007085330442495148,
      0.004060938690161307
    ],
    [
      0.958312105265795,
      0.007466706205872441,
      0.0026459677292067964,
      0.0049332208178915265,
      0.021727936888905584,
      0.0049140630923286376
    ],
    [
      0.0031436906380288734,
      0.8910154173877316,
      0.09046126932040688,
      0.0005429408324214237,
      0.013177820243796481,
      0.0016588615776146286
    ],
    [
      0.9690544747998913,
      0.023718558307470067,
      0.0036276948055662473,
      0.0004609845387764264,
      0.002614203178575429,
      0.000524084369720633
    ],
    [
      0.8971412620400796,
      0.023444894060218185,
      0.030716784357255656,
      0.003937656630141357,
      0.03450883325185746,
      0.010250569660447918
    ],
    [
      0.0005586715982781111,
      0.005611756468155744,
      0.012401398585204011,
      0.002028630477227216,
      0.0021221486682316774,
      0.9772773942029032
    ],
    [
      0.9817186190749948,
      0.003137351914673612,
      0.001830096368978496,
      0.0017457459205331215,
      0.010418244175470246,
      0.0011499425453496846
    ],
    [
      0.10501024060618058,
      0.036399909498176904,
      0.009097645382789296,
      0.05885480907687373,
      0.09299429989987161,
      0.6976430955361079
    ],
    [
      0.0063201704413328634,
      0.0016909955236989278,
      0.0002477753004630366,
      0.006463161962745261,
      0.9784627270642683,
      0.006815169707491726
    ],
    [
      0.9871248210368768,
      0.006620416546967733,
      0.0022154057689478465,
      0.0008233198780454268,
      0.001946410480574393,
      0.0012696262885878219
    ],
    [
      0.0011060051318841186,
      0.008417065915057143,
      0.01173212919949355,
      0.004752114152324985,
      0.007234931490547227,
      0.9667577541106931
    ],
    [
      0.9870665380556999,
      0.0034167282477299984,
      0.0006077581693183692,
      0.002228825127737505,
      0.00362145470404173,
      0.0030586956954725296
    ],
    [
      0.0021598037434757463,
      0.004805469785936403,
      0.0033739816026076555,
      0.9729214405106719,
      0.007841258214157078,
      0.008898046143151116
    ],
    [
      0.9893635962509222,
      0.0008892768088845099,
      0.00017108164738612928,
      0.0014695016748678242,
      0.0065649856396070416,
      0.0015415579783323182
    ],
    [
      0.9852656285808432,
      0.0022947265132933063,
      0.0002845466817409434,
      0.0015284614686477424,
      0.009531050948167483,
      0.001095585807307423
    ],
    [
      0.9390366606054465,
      0.007603205668706473,
      0.001967918977488934,
      0.0011764744049951377,
      0.04789152327667157,
      0.00232421706669136
    ],
    [
      0.9595532598634267,
      0.013399125412186965,
      0.0015728502793516935,
      0.00313831214102094,
      0.019156681451008507,
      0.0031797708530051445
    ],
    [
      0.8722563683290852,
      0.03398995650852664,
      0.010060093370999034,
      0.002400094986491288,
      0.06970363823644238,
      0.011589848568455378
    ],
    [
      0.9759552140579919,
      0.001967694549670659,
      0.0002931352288767236,
      0.006503601428510222,
      0.011971853687034588,
      0.0033085010479159916
    ],
    [
      0.00042629267379711114,
      0.00210524543033444,
      0.012139637820211633,
      0.0016962100482307333,
      0.0009120715436450644,
      0.9827205424837809
    ],
    [
      0.8337690074270168,
      0.09395134578407933,
      0.03351127521411019,
      0.004636345545732078,
      0.02831471302243251,
      0.005817313006629095
    ],
    [
      0.0066430574961576245,
      0.0017157232853402607,
      0.00023564523682461286,
      0.008103130123730245,
      0.9755458285276208,
      0.007756615330326574
    ],
    [
      0.006256159032746483,
      0.7696291779453714,
      0.22018620487020443,
      0.0009533942748576744,
      0.002194823709055062,
      0.0007802401677648966
    ],
    [
      0.995994766012736,
      0.00024309095231080753,
      4.51253070636218e-05,
      0.002024345676917461,
      0.0012052394100949843,
      0.00048743264087704804
    ],
    [
      0.0075254301136609796,
      0.0012545631134784222,
      0.0006134416086333912,
      0.004098868559200782,
      0.9818615189270533,
      0.004646177677973118
    ],
    [
      0.0009550570318722965,
      0.03631868880446269,
      0.959820370167069,
      0.00024321051793780172,
      0.00094850741429813,
      0.0017141660643599775
    ],
    [
      0.9868844324265276,
      0.003592564498300278,
      0.0013523389252944067,
      0.0023339682670189183,
      0.0035954245285724365,
      0.0022412713542863537
    ],
    [
      0.004071378384688356,
      0.015469910410509118,
      0.002655426851624552,
      0.002556281949492118,
      0.9623895910339426,
      0.01285741136974305
    ],
    [
      0.9758933271834647,
      0.011680903594321912,
      0.005778338266624619,
      0.0011391468841264127,
      0.003232875526802237,
      0.0022754085446601655
    ],
    [
      0.9748277717067804,
      0.0002031522304028646,
      9.511146244385738e-05,
      0.021787749181857313,
      0.0012010549886596004,
      0.0018851604298561584
    ],
    [
      0.01668319270655668,
      0.06596018533035844,
      0.0096654067565277,
      0.01167185197874553,
      0.8805063114039078,
      0.015513051823903938
    ],
    [
      0.9937614085584277,
      9.595651372911e-05,
      6.0745057894546086e-05,
      0.004202882766588871,
      0.0008968352156083982,
      0.0009821718877516736
    ],
    [
      0.0009277594227003581,
      0.8805762779925105,
      0.11207334601887708,
      0.0004636235426634706,
      0.005238960991968081,
      0.0007200320312805097
    ],
    [
      0.8955692976238617,
      0.03269413328076771,
      0.049556745653649086,
      0.001992296560335216,
      0.017499623413441835,
      0.0026879034679445106
    ],
    [
      0.9642145387301992,
      0.020743889026749954,
      0.006813642705275681,
      0.0013803725989213205,
      0.005907683141326596,
      0.0009398737975274203
    ],
    [
      0.9864866100870309,
      0.0049378406699960836,
      0.0011275313332764854,
      0.000882991893667061,
      0.005759042396370327,
      0.0008059836196590809
    ],
    [
      0.90911870229859,
      0.04846880393970902,
      0.02772961191635508,
      0.001480296104058713,
      0.009868442898677512,
      0.00333414284260966
    ],
    [
      0.9916635229026172,
      0.0028554244709405588,
      0.00038014451791949533,
      0.0011251989568186406,
      0.003253049729139517,
      0.0007226594225647344
    ],
    [
      0.9862832644144701,
      0.00744952585404693,
      0.0019516653761722487,
      0.0005520546781971485,
      0.002794207683071503,
      0.0009692819940421592
    ],
    [
      0.9744919343259305,
      0.007029446464798028,
      0.0013441857181585137,
      0.0015812077920316968,
      0.013441256306322154,
      0.002111969392759007
    ],
    [
      0.998093306858804,
      0.0005779531782818379,
      0.00013647714163174304,
      0.00046103639681471933,
      0.0004123158604270852,
      0.0003189105640405126
    ],
    [
      0.9881265961410017,
      0.001796988957360712,
      0.0006922386835363594,
      0.0010005051637170593,
      0.006621147474680834,
      0.0017625235797032663
    ],
    [
      0.009812308404990094,
      0.04701071903478571,
      0.04083707098331067,
      0.0040054712769729784,
      0.8769222324951215,
      0.02141219780481907
    ],
    [
      0.9690334836236357,
      0.0036914037462735293,
      0.0016489778540813096,
      0.0016209027760200631,
      0.022655947240652285,
      0.0013492847593372973
    ],
    [
      0.9959305364526502,
      0.0009654083705088796,
      0.0003392740864137388,
      0.0005688270876930651,
      0.001627945707409004,
      0.0005680082953252901
    ],
    [
      0.9378233575120836,
      0.015481573056053416,
      0.0067522889753746365,
      0.004190361366817479,
      0.030375299019607636,
      0.005377120070063427
    ],
    [
      0.9971184427481835,
      0.0003868552308203646,
      0.0002963026135296316,
      0.000794711816675484,
      0.0009135022557549189,
      0.0004901853350362056
    ],
    [
      0.002940523173108195,
      0.01975197185835565,
      0.9296015871382617,
      0.006526147855090082,
      0.006915085401027132,
      0.034264684574157094
    ],
    [
      0.9916909535168895,
      0.0010139351051181317,
      0.0003395595046985612,
      0.0008828210157874864,
      0.004983389395634739,
      0.0010893414618715466
    ],
    [
      0.9911245717185942,
      0.002097104578262977,
      0.00028043376855226275,
      0.001248451516276218,
      0.0029523804650778253,
      0.0022970579532363426
    ],
    [
      0.00613142359963539,
      0.002481812090935132,
      0.001011695975765101,
      0.004523505496392352,
      0.9775300824633472,
      0.008321480373924899
    ],
    [
      0.9935171821376252,
      0.0007365158448104292,
      0.0002672591494673536,
      0.0007099708876167743,
      0.004433458221384234,
      0.00033561375909593895
    ],
    [
      0.0013094254300954533,
      0.0005952648410916187,
      0.00102826634826393,
      0.995594093448523,
      0.0005813281422908626,
      0.0008916217897350931
    ],
    [
      0.9657165900408764,
      0.011551611837680276,
      0.0015469148292924385,
      0.0011452908478334553,
      0.018976379400377073,
      0.0010632130439401917
    ],
    [
      0.9886336228267752,
      0.0011525686754336735,
      0.0003044592705458057,
      0.0022815456154738002,
      0.0051996719539171374,
      0.0024281316578543947
    ],
    [
      0.9766485770227666,
      0.0021475865796082945,
      0.0005353683250735879,
      0.0018232019165721105,
      0.01747110522858489,
      0.0013741609273943422
    ],
    [
      0.9651757823449575,
      0.006315391678506623,
      0.0010471202129091238,
      0.001297628991026263,
      0.02367744309312577,
      0.002486633679474639
    ],
    [
      0.9520622966226955,
      0.01073597698600718,
      0.0021774900839426473,
      0.008238008427089516,
      0.01460634829437373,
      0.012179879585891276
    ],
    [
      0.9216599271651791,
      0.03844484859864247,
      0.014908820520773162,
      0.0019271069381898687,
      0.019785581180493915,
      0.0032737155967214496
    ],
    [
      0.9967360214732002,
      0.0014941143599528802,
      0.0003634055557102762,
      0.00040689676173454644,
      0.0006462705583816859,
      0.0003532912910202549
    ],
    [
      0.004510311144306167,
      0.019973085587587258,
      0.009144745348350986,
      0.0017321169392958053,
      0.9571654347673386,
      0.007474306213121175
    ],
    [
      0.0002715483894161535,
      0.0010148189466637008,
      0.006692763554098398,
      0.0011541880377700475,
      0.0010646492833378404,
      0.9898020317887138
    ],
    [
      0.975950250388746,
      0.0032166822179266604,
      0.0008882590038871102,
      0.007021119527796559,
      0.008211889839882289,
      0.0047117990217613644
    ],
    [
      0.9370874315541491,
      0.019322140475978623,
      0.01054716178554875,
      0.001396185860630672,
      0.028487866512679465,
      0.0031592138110133824
    ],
    [
      0.9910889922912585,
      0.0014332323919864659,
      0.0004726274064451389,
      0.000880585399756227,
      0.005521882107340891,
      0.0006026804032128739
    ],
    [
      0.00893727019438061,
      0.03306952633269405,
      0.006675738149468597,
      0.0009714018083625372,
      0.9450133702761423,
      0.005332693238951903
    ],
    [
      0.9793350689594486,
      0.01399461815418633,
      0.0011439150006487288,
      0.0007673527765748597,
      0.0038608157547655453,
      0.0008982293543760259
    ],
    [
      0.9730822743022151,
      0.013352209164170258,
      0.004091511531125966,
      0.0013483363750820428,
      0.004728153871622438,
      0.0033975147557843964
    ],
    [
      0.9538741892521029,
      0.013811330958523603,
      0.015898261345126237,
      0.0023323056750776646,
      0.010954819147030153,
      0.0031290936221396106
    ],
    [
      0.00029771008692417675,
      0.0040856419913308665,
      0.007662606478976364,
      0.0007665129213231504,
      0.003246285036405716,
      0.9839412434850396
    ],
    [
      0.9816943699998895,
      0.0020442847343110863,
      0.0014782851591910197,
      0.002435586931158064,
      0.009111645457613437,
      0.0032358277178369393
    ],
    [
      0.9983992123797848,
      0.00047748964592896726,
      9.84781832971455e-05,
      0.0003055520424128618,
      0.0003294223966614087,
      0.0003898453519150381
    ],
    [
      0.9884355440897544,
      0.004383849280032031,
      0.0011663302701127658,
      0.0012412508718651568,
      0.0026840218318495545,
      0.0020890036563860335
    ],
    [
      0.988743952864374,
      0.00295447908301022,
      0.000297307641625453,
      0.002266898876891337,
      0.004388763959809543,
      0.001348597574289307
    ],
    [
      0.9849897450803053,
      0.005613483710583407,
      0.0029372653058345037,
      0.0014483920234724854,
      0.002716602729629358,
      0.002294511150175098
    ],
    [
      0.006547887067295831,
      0.622132328086731,
      0.35484670217098696,
      0.007027210135498939,
      0.007275002072995019,
      0.002170870466492178
    ],
    [
      0.006596519403476236,
      0.03160652609308195,
      0.8613382562022092,
      0.011213016133939772,
      0.007267249743314643,
      0.08197843242397825
    ],
    [
      0.0018327537136489083,
      0.001169749452503524,
      0.00014863519566071372,
      0.0017768397835308735,
      0.9916661145057373,
      0.00340590734891874
    ],
    [
      0.9927904379746659,
      0.004214565088996377,
      0.0011803271254995497,
      0.0002594701028049839,
      0.0008122632178993546,
      0.000742936490133505
    ],
    [
      0.942887074574829,
      0.024482689107654852,
      0.00701171917204995,
      0.0008269178575228998,
      0.022263209769395692,
      0.0025283895185478256
    ],
    [
      0.00021918598424236396,
      0.004083381668436128,
      0.008051876579590504,
      0.0007496201299607066,
      0.0017772430773063646,
      0.9851186925604638
    ],
    [
      0.07784772685737881,
      0.36573314422180914,
      0.36759271632158563,
      0.02183930004316576,
      0.1139531764571142,
      0.05303393609894652
    ],
    [
      0.0010866768204202339,
      0.004017770077207004,
      0.018663089865611014,
      0.00457349892615859,
      0.007297049483095289,
      0.9643619148275078
    ],
    [
      0.9687271837075588,
      0.008833638564963582,
      0.0004694795669469181,
      0.0021026245601852645,
      0.017441734212736544,
      0.002425339387608771
    ],
    [
      0.9891912659767661,
      0.0008562157166015022,
      0.00015764343817954265,
      0.0014141247167400648,
      0.007727908789478212,
      0.0006528413622348018
    ],
    [
      0.9959322984152674,
      0.0006141687428265819,
      0.00029081281374934346,
      0.0012345515552987497,
      0.0011035958897927765,
      0.0008245725830649828
    ],
    [
      0.0072161245968442,
      0.0016453330884713552,
      0.0005145812656089537,
      0.0067979948333009715,
      0.976442370327421,
      0.007383595888353403
    ],
    [
      0.9839939736603699,
      0.002837825658491593,
      0.009723230841286666,
      0.00028358961416555527,
      0.002913718401043159,
      0.0002476618246431334
    ],
    [
      0.977040954847608,
      0.0037510498237827684,
      0.0005146509400964777,
      0.007144501278794544,
      0.008054089187614322,
      0.0034947539221038644
    ],
    [
      0.9927074825249819,
      0.00174643117489879,
      0.00138310283701294,
      0.0012413884726811244,
      0.001542675412986263,
      0.001378919577438976
    ],
    [
      0.9972521096980214,
      0.0009977464684538982,
      0.0002321424990653265,
      0.00042513285021371274,
      0.0005916779745945831,
      0.0005011905096510428
    ],
    [
      0.9938160868953232,
      0.0009400676681049569,
      0.00019273185850273428,
      0.0005398022041479687,
      0.004184267352926469,
      0.0003270440209944765
    ],
    [
      0.9914972080029558,
      0.002010011734986933,
      0.0005454688671217554,
      0.0008767696138780201,
      0.0038788488870794067,
      0.0011916928939779865
    ],
    [
      0.8864173758673763,
      0.03566936843769861,
      0.03706205138454738,
      0.00406407621180016,
      0.023462615671844447,
      0.01332451242673295
    ],
    [
      0.004348593982588474,
      0.006856332900840174,
      0.010790808808105162,
      0.0039041406671706134,
      0.012888714003684385,
      0.9612114096376112
    ],
    [
      0.00484443826119902,
      0.001912380909380838,
      0.0005174566338662539,
      0.0043516232426615,
      0.9819960177768665,
      0.0063780831760258195
    ],
    [
      0.9829657672411274,
      0.004323669355475608,
      0.0017511873873793248,
      0.0029592369983711484,
      0.0045206222698446815,
      0.00347951674780178
    ],
    [
      0.9862580709963631,
      0.0043328240991808604,
      0.0006639539483331292,
      0.001541923093347331,
      0.005728931265367177,
      0.0014742965974084076
    ],
    [
      0.9761513889373805,
      0.00397195250205882,
      0.0010958685372627766,
      0.004441097145826401,
      0.0074718281685362395,
      0.006867864708935141
    ],
    [
      0.05310690571870669,
      0.4203341503313973,
      0.031715909545318006,
      0.004159968640951135,
      0.4773262483654639,
      0.013356817398163004
    ],
    [
      0.0005288064343886438,
      0.001743800631394671,
      0.009112658869988601,
      0.0015363810206687222,
      0.0017972086372966237,
      0.9852811444062628
    ],
    [
      0.0003748487790893081,
      0.0014709192129761825,
      0.005642867600526125,
      0.0012442711206425941,
      0.0011303651171750161,
      0.9901367281695908
    ],
    [
      0.0022761533345441354,
      0.8557633903147019,
      0.13928245242623988,
      0.0008322309460394613,
      0.0012627374210443475,
      0.0005830355574301622
    ],
    [
      0.9931496330251002,
      0.0015781678868729157,
      0.0008104992405412483,
      0.0007553678948150109,
      0.0030088294870086775,
      0.0006975024656621508
    ],
    [
      0.00037547770148490877,
      0.0037396492575453863,
      0.007553862336186794,
      0.0011317398512526028,
      0.000911034509202762,
      0.9862882363443275
    ],
    [
      0.980910697466937,
      0.00941124861905701,
      0.0032189331463996535,
      0.0009056504461252641,
      0.0035694452061910387,
      0.001984025115289897
    ],
    [
      0.9681726526499367,
      0.007145906008094782,
      0.014075229801148392,
      0.00209578791468368,
      0.002810066148337111,
      0.005700357477799392
    ],
    [
      0.0001446501945867657,
      0.0012046416453889478,
      0.006067340040560512,
      0.0005903582642965478,
      0.0005977869791172118,
      0.9913952228760499
    ],
    [
      0.957544314520594,
      0.007664673520237026,
      0.004718899117835701,
      0.004203132783524954,
      0.016064202501374705,
      0.009804777556433558
    ],
    [
      0.9889620171913207,
      0.0017365115656808468,
      0.0004701035557053219,
      0.00276514286634379,
      0.0034430652821742977,
      0.002623159538775039
    ],
    [
      0.9835953117647809,
      0.0023425148570385924,
      0.0006497953871318911,
      0.004945597773617023,
      0.006010427441073641,
      0.0024563527763581568
    ],
    [
      0.9916780297245252,
      0.0014018260142163615,
      0.00015154062231601703,
      0.0018433037382415455,
      0.0028139334821227747,
      0.0021113664185781343
    ],
    [
      0.0003971387206623852,
      0.005649065942904024,
      0.03554894081054092,
      0.0013645596189201428,
      0.004811136697166752,
      0.9522291582098058
    ],
    [
      0.9874127683966423,
      0.0029748612905404685,
      0.00042384521153271285,
      0.0012427591447589886,
      0.006508711579899452,
      0.001437054376626023
    ],
    [
      0.0013039933837550926,
      0.07116247836382089,
      0.9106350132138503,
      0.0010157350028697659,
      0.0025414499501217147,
      0.013341330085582324
    ],
    [
      0.9794395177618707,
      0.004572809879466131,
      0.001839727381243964,
      0.0033095132419769173,
      0.008861618985424808,
      0.0019768127500176275
    ],
    [
      0.9637488067239635,
      0.005693252966012476,
      0.0007141065715268155,
      0.004304508406735784,
      0.021932507383038802,
      0.0036068179487228616
    ],
    [
      0.9973233236634511,
      0.0006513411717155087,
      0.0001734523048782159,
      0.0006787878320553786,
      0.0009007335283769568,
      0.0002723614995227978
    ],
    [
      0.00034357911625760727,
      0.004974265929274386,
      0.006481323375102398,
      0.0008120375722494998,
      0.002481676436952364,
      0.9849071175701638
    ],
    [
      0.9856503889634195,
      0.0030289478149461706,
      0.0007676630332468227,
      0.002792340771024468,
      0.006022455507578864,
      0.0017382039097842607
    ],
    [
      0.9919964255067812,
      0.00170901231322984,
      0.00039731041587437146,
      0.001686453739414494,
      0.0024770053663181494,
      0.001733792658381922
    ],
    [
      0.005963768183934531,
      0.0017052552534477944,
      0.0006864846777360112,
      0.0030116494911421265,
      0.9827639406689307,
      0.0058689017248087574
    ],
    [
      0.9764156256063178,
      0.0036551933457626084,
      0.0007779043373582732,
      0.0030907375845612046,
      0.012739934967529464,
      0.003320604158470669
    ],
    [
      0.0005759700072703896,
      0.0022588085122418537,
      0.01286258716803428,
      0.0016030854598839978,
      0.0018313086601349734,
      0.9808682401924345
    ],
    [
      0.9949009451028432,
      0.0013258366195361335,
      0.0002360521636032971,
      0.0012296779883326182,
      0.0016110258403709986,
      0.0006964622853135453
    ],
    [
      0.9757160414794421,
      0.005916611074252931,
      0.0013257637946276976,
      0.001883479337811789,
      0.012295163646194644,
      0.0028629406676707095
    ],
    [
      0.9897208530255546,
      0.001502558481091098,
      0.00039478835273113594,
      0.0013823338278964922,
      0.00541448628803034,
      0.0015849800246964178
    ],
    [
      0.9901841784528609,
      0.002051917668351926,
      0.0005695920602861139,
      0.0012224645349713228,
      0.003928471830287065,
      0.0020433754532427385
    ],
    [
      0.9817647343714921,
      0.0018790236499033393,
      0.00038261213229814537,
      0.0019244229744591777,
      0.012585312052400799,
      0.0014638948194464795
    ],
    [
      0.9756261258565571,
      0.006719596577699467,
      0.0019203409971105213,
      0.002429815419017417,
      0.009087267055091951,
      0.004216854094523599
    ],
    [
      0.9976198624012615,
      0.000179044290960715,
      0.0001700011369284045,
      0.0010331361196923778,
      0.0006288502872202632,
      0.0003691057639366448
    ],
    [
      0.974409705659036,
      0.006283493528188246,
      0.0013581820311458898,
      0.0037474955709837373,
      0.012026598965668602,
      0.0021745242449774035
    ],
    [
      0.9897340770143612,
      0.0022488211786571934,
      0.0014940856228185223,
      0.0015633838840249119,
      0.003539846969967913,
      0.0014197853301703318
    ],
    [
      0.9966781244112384,
      0.0008289705466231442,
      0.0002567411035368668,
      0.0003438230742089403,
      0.0014173205295813045,
      0.0004750203348114993
    ],
    [
      0.0012450252007999384,
      0.04262942575556435,
      0.9532095369922953,
      0.00047469422877910195,
      0.0020862583320800537,
      0.0003550594904813216
    ],
    [
      0.00018870376971082662,
      0.0011414977516702963,
      0.007468314033470311,
      0.0008514901697790708,
      0.0006254526135942667,
      0.9897245416617753
    ],
    [
      0.970535243051288,
      0.00991964022878005,
      0.001496171673264243,
      0.0018827672857160203,
      0.01413761251351681,
      0.0020285652474348282
    ],
    [
      0.9965174622447467,
      0.0008342082790015271,
      0.0008809644384679483,
      0.00013151886203268277,
      0.0014031603257640677,
      0.000232685849987138
    ],
    [
      0.9924917914607515,
      0.0011344044585319308,
      0.00017758750336714735,
      0.0011725868699781793,
      0.004480019454768747,
      0.0005436102526022628
    ],
    [
      0.8353399432697793,
      0.10098420569969453,
      0.03041468436690797,
      0.001841519972346493,
      0.027901316017221352,
      0.0035183306740505125
    ],
    [
      0.0024394646382509704,
      0.0053987486919501925,
      0.0013503088701960222,
      0.0033415792103655925,
      0.982019200776534,
      0.005450697812703132
    ],
    [
      0.9819062664363168,
      0.002763853623676744,
      0.0010268257025824673,
      0.004768159823713614,
      0.004944201352234538,
      0.004590693061475752
    ],
    [
      0.9421178461353757,
      0.02019762204584005,
      0.00322114985360938,
      0.005323753301615867,
      0.019549554882197964,
      0.00959007378136094
    ],
    [
      0.9908574929447107,
      0.00538288891852153,
      0.0011044461256380085,
      0.00047033997979086705,
      0.0016562400516323527,
      0.0005285919797066068
    ],
    [
      0.0013983998558718712,
      0.0013005507082539023,
      0.0001417978077750988,
      0.001913180828310532,
      0.9928339975054195,
      0.0024120732943692215
    ],
    [
      0.9814252727409905,
      0.006627059883021753,
      0.0022248475409047514,
      0.0009702406909001863,
      0.00762944590687493,
      0.0011231332373078334
    ],
    [
      0.984231743871846,
      0.00415406295448502,
      0.0012413095528463999,
      0.001376555101352869,
      0.007426371907576356,
      0.0015699566118937388
    ],
    [
      0.006943807470573175,
      0.025901997504454145,
      0.029797038131900464,
      0.010227403688638885,
      0.031139767698609967,
      0.8959899855058233
    ],
    [
      0.023735550191263804,
      0.16816272091915602,
      0.654031324349507,
      0.017797949569547333,
      0.03832470919537704,
      0.09794774577514885
    ],
    [
      0.003507177431343017,
      0.0051260995416473705,
      0.0009785085530604526,
      0.0018977115762654569,
      0.9829457792125321,
      0.005544723685151654
    ],
    [
      0.9831396949629354,
      0.004792817673478972,
      0.0014651187844688133,
      0.002493970573860391,
      0.0059369892176673175,
      0.002171408787588785
    ],
    [
      0.9694401203908167,
      0.015741867818488083,
      0.004097743449216477,
      0.0009786111191992476,
      0.007927217322251972,
      0.00181443990002764
    ],
    [
      0.9884985668770596,
      0.0038300341957287778,
      0.0014607072765754057,
      0.000991421049815508,
      0.003060625516031298,
      0.0021586450847892956
    ],
    [
      0.95714512845652,
      0.008606625589274577,
      0.0033604696517250316,
      0.004771525628334224,
      0.02250063241361504,
      0.0036156182605311515
    ],
    [
      0.001722954951705999,
      0.0006357120782277837,
      0.0013209745705007978,
      0.9782346445957724,
      0.002501179305985552,
      0.015584534497807443
    ],
    [
      0.01883775241873299,
      0.021781756322436528,
      0.038811492213796095,
      0.02708171290908217,
      0.08429444015592696,
      0.8091928459800252
    ],
    [
      0.9974921755402602,
      0.00019851458942543454,
      6.482741125617199e-05,
      0.001088768716069733,
      0.0004318221445127736,
      0.0007238915984756524
    ],
    [
      0.9893078919293579,
      0.0017985113093901407,
      0.00019923535289164342,
      0.0026645754566747295,
      0.004775061173943679,
      0.001254724777741714
    ],
    [
      0.9962246947766857,
      0.0005507274953342457,
      0.00034876169363583904,
      0.0005412484144469727,
      0.0013088306912893406,
      0.0010257369286080444
    ],
    [
      0.9099852312168382,
      0.039507055105435465,
      0.017583481742955587,
      0.0024216286907095576,
      0.027544081282953208,
      0.002958521961107914
    ],
    [
      0.00028846747624050877,
      0.0010937569356214319,
      0.005874135673043101,
      0.0006296499975713968,
      0.0010236424541219412,
      0.9910903474634016
    ],
    [
      0.9436746505247527,
      0.03693575241633975,
      0.004232220119260666,
      0.0018988189356727028,
      0.011542772146850535,
      0.0017157858571238583
    ],
    [
      0.9000708598081377,
      0.03053291908790653,
      0.0046518509683292335,
      0.01273136611999522,
      0.03506588049977452,
      0.016947123515856914
    ],
    [
      0.001273333825308409,
      0.000965127743446153,
      0.0015948635749642656,
      0.9934066370349047,
      0.0009432247899190008,
      0.0018168130314573524
    ],
    [
      0.00025542042064677687,
      0.0010272778115559204,
      0.00426614086868262,
      0.0008632771684777981,
      0.0007478763561258308,
      0.9928400073745112
    ],
    [
      0.003907052051174577,
      0.2251595940834569,
      0.760329178489076,
      0.0018357169671329929,
      0.004854021623501537,
      0.003914436785657944
    ],
    [
      0.9731318567192246,
      0.005593860279347497,
      0.0018851385353367044,
      0.003248696681911801,
      0.01118874927659768,
      0.004951698507581676
    ],
    [
      0.9749435238632804,
      0.009112313863808607,
      0.0017056759660815824,
      0.000784121522741734,
      0.012698478741854506,
      0.0007558860422330722
    ],
    [
      0.0022342157792311656,
      0.007572209099910538,
      0.022367572129962043,
      0.003158666026985244,
      0.00842876703574326,
      0.9562385699281678
    ],
    [
      0.9456135718934771,
      0.009346531187291457,
      0.0018697370633515506,
      0.006939535566775184,
      0.03099485154163231,
      0.005235772747472649
    ],
    [
      0.8843052422596309,
      0.02636491278673657,
      0.006312790205098014,
      0.009391921601917624,
      0.06466847919862212,
      0.008956653947994563
    ],
    [
      0.9733883964791173,
      0.013641494210131192,
      0.003483982079221322,
      0.0011410574388997763,
      0.005933289840725841,
      0.002411779951904595
    ],
    [
      0.9705775218040391,
      0.0017207465703976037,
      0.00043794180234013147,
      0.00810835006000806,
      0.013225111759358138,
      0.005930328003857062
    ],
    [
      0.9854971249645954,
      0.0034675452628280972,
      0.0007981401839286202,
      0.0026508500523811404,
      0.004586323659104895,
      0.003000015877161904
    ],
    [
      0.9760661814421004,
      0.00287653908290023,
      0.0005438595479206503,
      0.0012499403530111684,
      0.0185619840737513,
      0.000701495500316214
    ],
    [
      0.9320394643015283,
      0.021092173184774722,
      0.004975120821516961,
      0.005356368265327475,
      0.02787536900848613,
      0.008661504418366363
    ],
    [
      0.9543089986558057,
      0.0072056695000594145,
      0.001656833550045191,
      0.003369036427762325,
      0.030433842702273152,
      0.00302561916405411
    ],
    [
      0.9393045937647646,
      0.016474120629359264,
      0.005199100789268864,
      0.006235919457894003,
      0.02566669535548803,
      0.007119570003225044
    ],
    [
      0.001080754724283455,
      0.00431343484302055,
      0.017000488715327104,
      0.0036395451756975603,
      0.0033435417822742855,
      0.9706222347593971
    ],
    [
      0.993641649105487,
      0.0023503730245876407,
      0.0008585385099642296,
      0.0008245635855330837,
      0.001596843546127769,
      0.0007280322283001795
    ],
    [
      0.0032863110906549246,
      0.012465859227545933,
      0.03752612569672163,
      0.009957054924717264,
      0.01582103145189358,
      0.9209436176084667
    ],
    [
      0.9837423454251215,
      0.0031644210601403113,
      0.004306773709945039,
      0.0008505057042525323,
      0.0072369413633460045,
      0.0006990127371947336
    ],
    [
      0.9909956170276968,
      0.0016214426653044908,
      0.0005064131094687546,
      0.002121693109504923,
      0.0028040252052936245,
      0.0019508088827313295
    ],
    [
      0.9863864373940441,
      0.0015551412488294307,
      0.0001126817948624424,
      0.001594789883693469,
      0.008274317380531125,
      0.002076632298039435
    ],
    [
      0.9091744858989352,
      0.04530701756419655,
      0.02071405961450982,
      0.002766878453600736,
      0.010680218454902274,
      0.011357340013855315
    ],
    [
      0.9895563158405678,
      0.0016756860274660663,
      0.000474732252721396,
      0.0022144127994016658,
      0.004491232167214404,
      0.0015876209126286683
    ],
    [
      0.9905659343105733,
      0.0032477524904037185,
      0.0006974480082133058,
      0.0011039187341537104,
      0.003025711106044166,
      0.001359235350611827
    ],
    [
      0.0001442073045495518,
      0.004173423236452735,
      0.008161149925878545,
      0.0005833773598596394,
      0.002043331610482825,
      0.9848945105627767
    ],
    [
      0.996173191701607,
      0.0014102474887882676,
      0.00042697717957529044,
      0.0006484590723189472,
      0.0006596506196249643,
      0.0006814739380855949
    ],
    [
      0.9668261226713987,
      0.004282491182653218,
      0.0014151799955113614,
      0.007760514799159314,
      0.015579769026105986,
      0.004135922325171264
    ],
    [
      0.0021740026741499116,
      0.001178854103949775,
      0.00018096286549870293,
      0.0015234583233585217,
      0.9923059398935463,
      0.00263678213949671
    ],
    [
      0.9875657478716797,
      0.0022525012825912456,
      0.00036001194434038343,
      0.0014702076616506504,
      0.007768410694455872,
      0.0005831205452819757
    ],
    [
      0.9958547493461225,
      0.0016369486705152692,
      0.0005211391470819483,
      0.0005660973608070908,
      0.0008310815550097939,
      0.0005899839204633199
    ],
    [
      0.0010254274450113418,
      0.03711230798519248,
      0.9567736731301053,
      0.0006716627962861544,
      0.002850082332491555,
      0.0015668463109130774
    ],
    [
      0.9687235946802357,
      0.011381771803624768,
      0.004023727127137108,
      0.0015478127410951828,
      0.012455188559610886,
      0.0018679050882963997
    ],
    [
      0.9957913101164659,
      0.0006993297260891474,
      0.0002268459763490109,
      0.0008573758302168482,
      0.0015525941297142092,
      0.0008725442211647582
    ],
