{
  "model_name": "mlp_svd_calibrated_sigmoid",
  "fold_metrics": [
    {
      "fold": 1,
      "train_macro_f1": 0.985,
      "val_macro_f1": 0.9101
    },
    {
      "fold": 2,
      "train_macro_f1": 0.9854,
      "val_macro_f1": 0.9285
    },
    {
      "fold": 3,
      "train_macro_f1": 0.9975,
      "val_macro_f1": 0.9496
    },
    {
      "fold": 4,
      "train_macro_f1": 0.9914,
      "val_macro_f1": 0.9491
    },
    {
      "fold": 5,
      "train_macro_f1": 0.9937,
      "val_macro_f1": 0.8905
    }
  ],
  "summary": {
    "mean_val_macro_f1": 0.9256,
    "std_val_macro_f1": 0.0228,
    "mean_train_macro_f1": 0.9906,
    "mean_overfit_gap": 0.065,
    "fold_val_f1s": [
      0.9101,
      0.9285,
      0.9496,
      0.9491,
      0.8905
    ],
    "fold_train_f1s": [
      0.985,
      0.9854,
      0.9975,
      0.9914,
      0.9937
    ]
  },
  "oof_metrics": {
    "macro_f1": 0.9263,
    "accuracy": 0.9783,
    "per_class_f1": {
      "Human": 0.998,
      "DeepSeek": 0.7172,
      "Grok": 0.878,
      "Claude": 0.9937,
      "Gemini": 0.9833,
      "ChatGPT": 0.9875
    }
  },
  "oof_classification_report": "              precision    recall  f1-score   support\n\n       Human       1.00      1.00      1.00      1520\n    DeepSeek       0.80      0.65      0.72        80\n        Grok       0.86      0.90      0.88       160\n      Claude       1.00      0.99      0.99        80\n      Gemini       0.98      0.98      0.98       240\n     ChatGPT       0.98      0.99      0.99       320\n\n    accuracy                           0.98      2400\n   macro avg       0.94      0.92      0.93      2400\nweighted avg       0.98      0.98      0.98      2400\n",
  "oof_proba": [
    [
      0.9714729651870444,
      0.011630776697270001,
      0.004920967239074775,
      0.002780489839904702,
      0.006330033020205896,
      0.0028647680165001747
    ],
    [
      0.003807346223205802,
      0.6730200429388113,
      0.3141225776692864,
      0.0021778585204406484,
      0.0033485396271604622,
      0.0035236350210953345
    ],
    [
      0.9790354482600963,
      0.007400377128949559,
      0.005092893339143392,
      0.0022594457859844105,
      0.0028582734214038833,
      0.0033535620644225815
    ],
    [
      0.0026688234300496477,
      0.006592351847045818,
      0.0036123094825273113,
      0.9836209692576912,
      0.001561498251698694,
      0.001944047730987316
    ],
    [
      0.9793705006876756,
      0.0072859281584161315,
      0.004988726604568938,
      0.002269627117809858,
      0.0028591969591025405,
      0.0032260204724269925
    ],
    [
      0.003116337097851317,
      0.4209281489136612,
      0.5709037998486922,
      0.001560228332661301,
      0.0014709049690736472,
      0.002020580838060198
    ],
    [
      0.9748887231231677,
      0.01004655660982121,
      0.006698323738184812,
      0.00282019562570513,
      0.0022734312025310924,
      0.0032727697005900586
    ],
    [
      0.00226296289973337,
      0.008768335296592487,
      0.008917356270613285,
      0.0014782098158552073,
      0.0017483911857568875,
      0.9768247445314487
    ],
    [
      0.9743934058432862,
      0.007129011310190797,
      0.005028000574872062,
      0.0020775112594123837,
      0.004704564119367153,
      0.00666750689287144
    ],
    [
      0.9701313547791224,
      0.011990176050155704,
      0.005482193821911016,
      0.0030437666719826243,
      0.005199461468007236,
      0.004153047208820965
    ],
    [
      0.0025058061014966624,
      0.4813176602941403,
      0.5089425137636469,
      0.00216529151293707,
      0.002021090666316666,
      0.003047637661462495
    ],
    [
      0.002552641997345012,
      0.8132983703936739,
      0.17776094511217208,
      0.002043645861255491,
      0.0014440841580432079,
      0.0029003124775103064
    ],
    [
      0.00356600805916002,
      0.1381427203314551,
      0.849385267701674,
      0.0021550054015911043,
      0.0033172244752425937,
      0.0034337740308772666
    ],
    [
      0.0024735848215995276,
      0.008117253819517683,
      0.004950670469655526,
      0.9800549243125353,
      0.0014850824953871833,
      0.0029184840813048004
    ],
    [
      0.0022867632293166913,
      0.012291114221984756,
      0.006006806840426259,
      0.0014189378566678767,
      0.001962220712247165,
      0.9760341571393573
    ],
    [
      0.9781005908961148,
      0.006712625642642652,
      0.005797215355856619,
      0.00219838467353931,
      0.003799288757127956,
      0.0033918946747186983
    ],
    [
      0.0024776326742893093,
      0.008769479965633707,
      0.006934760594007661,
      0.0022117226450956836,
      0.0016571352715595167,
      0.977949268849414
    ],
    [
      0.9793391546564733,
      0.007371642230561915,
      0.005060874421121265,
      0.002259433682945259,
      0.002666172965732256,
      0.003302722043166161
    ],
    [
      0.966180156054269,
      0.011894162261430419,
      0.005778668034074524,
      0.0037901826820605686,
      0.00915129639134143,
      0.0032055345768239054
    ],
    [
      0.003407896894475782,
      0.9715640676865377,
      0.015595567521670682,
      0.0021731511291197807,
      0.003734885780992349,
      0.003524430987203699
    ],
    [
      0.9588542007068074,
      0.022236366707880973,
      0.012698074563415962,
      0.002058580306658668,
      0.0018967085562691668,
      0.002256069158967675
    ],
    [
      0.9483888235135521,
      0.015014070893411322,
      0.013474795975959743,
      0.0018510958592637416,
      0.006239455608909862,
      0.015031758148903026
    ],
    [
      0.002717187679608464,
      0.008859135345950018,
      0.006710354886792763,
      0.002223107389906754,
      0.001757202654000305,
      0.9777330120437417
    ],
    [
      0.9769202952166903,
      0.00911822024695061,
      0.005458960476389799,
      0.002396490213437703,
      0.0029763357853167176,
      0.0031296980612149044
    ],
    [
      0.18486561757674122,
      0.017664320427998672,
      0.01032610926248206,
      0.006053545987663354,
      0.0838589787215539,
      0.697231428023561
    ],
    [
      0.018562494173984867,
      0.008434528067774482,
      0.004882233097178505,
      0.0023936980611418816,
      0.9620495134617939,
      0.0036775331381262537
    ],
    [
      0.9702612527830904,
      0.014029660459381163,
      0.008265012762745572,
      0.0028981587177481748,
      0.0020153347282956097,
      0.0025305805487390834
    ],
    [
      0.00387363366912165,
      0.007471519341305216,
      0.0054473063544821,
      0.0022511767087249487,
      0.0026737570982931862,
      0.9782826068280729
    ],
    [
      0.97931148372799,
      0.0073921469279228935,
      0.00507879718784063,
      0.0022598956688662845,
      0.002636188835934934,
      0.0033214876514451337
    ],
    [
      0.0023961849920737257,
      0.010267357023387847,
      0.004783302422528891,
      0.9753409047955536,
      0.004812848668499323,
      0.0023994020979568147
    ],
    [
      0.9791577594591949,
      0.007344039589053571,
      0.005026236161775982,
      0.0022417412006332936,
      0.002942783374424335,
      0.0032874402149179163
    ],
    [
      0.9772510468752765,
      0.007299323945095858,
      0.004946823281966328,
      0.0050678122856560115,
      0.0032339562058514306,
      0.0022010374061538275
    ],
    [
      0.8914225289809691,
      0.008719626936243376,
      0.0052766629725745405,
      0.002236185647602024,
      0.08904668369783637,
      0.0032983117647746307
    ],
    [
      0.9773995867213964,
      0.008216721150099951,
      0.005299193825967,
      0.0022523480149727296,
      0.0034475133113776083,
      0.003384636976186322
    ],
    [
      0.9439668046279531,
      0.010690094247982876,
      0.006384995062661836,
      0.00230253782337071,
      0.032459125206117885,
      0.004196443031913612
    ],
    [
      0.9791690718854374,
      0.0073362354142675916,
      0.005015312674679787,
      0.0022706566360053576,
      0.002929812322173412,
      0.0032789110674363076
    ],
    [
      0.00247398755036678,
      0.008582277356379552,
      0.006571652903240909,
      0.0021804596271606143,
      0.0016363833995474179,
      0.9785552391633048
    ],
    [
      0.7856709544424977,
      0.08830294932593459,
      0.09350166217003265,
      0.002269666020472445,
      0.0204512274239052,
      0.00980354061715751
    ],
    [
      0.022517371366157654,
      0.010309381292302194,
      0.004451935881748717,
      0.002411233407403122,
      0.9574771489366967,
      0.0028329291156916187
    ],
    [
      0.0025427868261809765,
      0.7034516217010292,
      0.2879055695420764,
      0.001974347334142095,
      0.0017807261204994932,
      0.0023449484760718555
    ],
    [
      0.963286960947349,
      0.006364465991368629,
      0.0035948012220421814,
      0.00818843137792924,
      0.01676458157901983,
      0.0018007588822910143
    ],
    [
      0.036834131785289444,
      0.010664295934249566,
      0.0045897696031610416,
      0.002530880425852014,
      0.9416123774435242,
      0.0037685448079236815
    ],
    [
      0.003876019696233687,
      0.009227017349624325,
      0.9789070412692018,
      0.002213814692812632,
      0.002372376111132842,
      0.0034037308809948316
    ],
    [
      0.9757478747860547,
      0.009206998761085989,
      0.0057514930783080336,
      0.0031402504596867837,
      0.0024762011249531506,
      0.003677181789911477
    ],
    [
      0.0034839989821784136,
      0.011847569664010148,
      0.004831540738205662,
      0.001994532985792953,
      0.973532939575032,
      0.004309418054780882
    ],
    [
      0.9764002572812499,
      0.008654997746695457,
      0.006156620705239323,
      0.00227823084922454,
      0.00269223360836765,
      0.0038176598092231743
    ],
    [
      0.978840293442187,
      0.006557930827789695,
      0.005689938314014604,
      0.002240515216151549,
      0.003320850684817025,
      0.003350471515040277
    ],
    [
      0.0028220417195903877,
      0.04182636160170158,
      0.025752409367361003,
      0.0030594220567457947,
      0.9075782816470191,
      0.018961483607582045
    ],
    [
      0.9788653681298266,
      0.006557757852872203,
      0.005691985554659562,
      0.002212870580635146,
      0.0033195858716933506,
      0.0033524320103128363
    ],
    [
      0.0033050239086547368,
      0.9759897316005421,
      0.011783038181536233,
      0.002180402377985359,
      0.0033243196223974336,
      0.0034174843088841983
    ],
    [
      0.9543096311192453,
      0.015613340491104313,
      0.02133930059859898,
      0.002570181640258513,
      0.002409576684568524,
      0.0037579694662243043
    ],
    [
      0.9748412444983773,
      0.008932168094216123,
      0.0070183125606040715,
      0.002249076579016981,
      0.003435726077250138,
      0.0035234721905354326
    ],
    [
      0.9751953303337464,
      0.008577435427877408,
      0.00522196382288348,
      0.001642471140466406,
      0.005932539662918749,
      0.0034302596121075124
    ],
    [
      0.946910948231865,
      0.02270218878075557,
      0.02095160430048082,
      0.002435658779855875,
      0.0024043433431880134,
      0.004595256563854767
    ],
    [
      0.974360763448508,
      0.011953162919807433,
      0.005290571069260081,
      0.0024687457813374228,
      0.00338319426464345,
      0.002543562516443563
    ],
    [
      0.9787960590353816,
      0.007721481364052661,
      0.005419098096366137,
      0.0022405524186652,
      0.0024946295244598423,
      0.0033281795610746664
    ],
    [
      0.9785606141565336,
      0.00774230517394765,
      0.0051977834153698775,
      0.0022365767970945367,
      0.002909781592238343,
      0.0033529388648159547
    ],
    [
      0.9788422857092233,
      0.00660789910580209,
      0.005734594917878258,
      0.0021932384215269003,
      0.0032597887602192695,
      0.0033621930853501986
    ],
    [
      0.975624903396429,
      0.009005665089492194,
      0.005699049625241106,
      0.0024036403010034464,
      0.003563137475776816,
      0.0037036041120575417
    ],
    [
      0.0025212329781898178,
      0.009414593816237497,
      0.010521248955276374,
      0.0014359547210001558,
      0.9018236785240559,
      0.07428329100524014
    ],
    [
      0.9789143942657551,
      0.007503522397268298,
      0.0051317205593553105,
      0.0022313611190243787,
      0.0029207043956687977,
      0.0032982972629280725
    ],
    [
      0.9771027773073632,
      0.010591842771122765,
      0.005004503536904238,
      0.0023018469636827406,
      0.0027367524905580923,
      0.0022622769303687973
    ],
    [
      0.9667383187908403,
      0.013547960144677193,
      0.008917178726508126,
      0.0027296654407560805,
      0.004754092244978219,
      0.003312784652240129
    ],
    [
      0.9795953110378804,
      0.007294036115261843,
      0.005063964055004999,
      0.0022395234881798128,
      0.002515342557604744,
      0.0032918227460681793
    ],
    [
      0.004219710333887728,
      0.010612647237000374,
      0.9377480398413341,
      0.002569749873603306,
      0.00385314767890484,
      0.04099670503526959
    ],
    [
      0.9787215253419032,
      0.00661213486488638,
      0.005731493915825316,
      0.002174361480206385,
      0.0033871045492635267,
      0.0033733798479151024
    ],
    [
      0.9783424704453894,
      0.0066821034821376414,
      0.005769302448566663,
      0.0021920636863496153,
      0.003571083982246608,
      0.003442975955310139
    ],
    [
      0.007174786896076556,
      0.010956035761025627,
      0.004569365326901648,
      0.0021818635533284963,
      0.9705695981929674,
      0.004548350269700313
    ],
    [
      0.9760777719120594,
      0.010762914388946656,
      0.0048669545964905615,
      0.002501817000675126,
      0.0036754899093169283,
      0.0021150521925113685
    ],
    [
      0.0020711372260827404,
      0.009907488740038148,
      0.004623893993355448,
      0.9798161614817427,
      0.0015357866914236377,
      0.002045531867357325
    ],
    [
      0.9763436493143725,
      0.0070094508324499505,
      0.005891306508606939,
      0.0021862274373129933,
      0.005166286429865574,
      0.003403079477391989
    ],
    [
      0.9782906076523831,
      0.006637852923897205,
      0.005748313250532972,
      0.002196617742486522,
      0.0037039855846416996,
      0.0034226228460586526
    ],
    [
      0.9783187530089635,
      0.007465681964818879,
      0.005118515212736143,
      0.0022477250328458978,
      0.0035171286500642906,
      0.0033321961305711636
    ],
    [
      0.976335681495324,
      0.007741916330749415,
      0.005142593075852942,
      0.00223148974799444,
      0.005195159319861079,
      0.0033531600302180533
    ],
    [
      0.9757723225406433,
      0.0069809895758759346,
      0.005926709836315468,
      0.0022884943758368337,
      0.005098497653620196,
      0.003932986017708319
    ],
    [
      0.9731882047565451,
      0.010240451499667798,
      0.0075536692367132825,
      0.0022611876750153193,
      0.0030144590377886825,
      0.0037420277942697444
    ],
    [
      0.9785716743193257,
      0.006684016066589603,
      0.005836841687082782,
      0.002208614744984025,
      0.003277437453774882,
      0.0034214157282429583
    ],
    [
      0.00361050234741653,
      0.007743938548487796,
      0.00591528925439366,
      0.002183538562344882,
      0.9767184031686816,
      0.0038283281186754516
    ],
    [
      0.0038194314622831964,
      0.007346109023727995,
      0.005468627459303279,
      0.0022314301182605537,
      0.0024418824453061546,
      0.9786925194911188
    ],
    [
      0.9756066841620066,
      0.008224174787297344,
      0.0047631002083365105,
      0.004288665993663831,
      0.0034540511528827617,
      0.003663323695813013
    ],
    [
      0.9599855694740116,
      0.019454415788719943,
      0.01056472256565027,
      0.002180404564862335,
      0.00483253329630075,
      0.002982354310455222
    ],
    [
      0.9744126087342431,
      0.011326141607764574,
      0.005103069000620603,
      0.00266913445364422,
      0.004202584721261743,
      0.002286461482465822
    ],
    [
      0.007460093862216843,
      0.020531469274064,
      0.013778618693447086,
      0.0014150578676144488,
      0.9531689272247666,
      0.003645833077890972
    ],
    [
      0.9731020192187824,
      0.012677435236381929,
      0.006334898187878504,
      0.002391476497750478,
      0.002207199741745833,
      0.0032869711174608202
    ],
    [
      0.9667430983206184,
      0.010219145725310276,
      0.012243876911081893,
      0.001568077140961699,
      0.003990435118277211,
      0.00523536678375059
    ],
    [
      0.969471469389808,
      0.011554259227588147,
      0.00773931550125088,
      0.0025483467873320224,
      0.004016798395338319,
      0.004669810698682838
    ],
    [
      0.0021132167037566595,
      0.011030916405726135,
      0.005498295588601355,
      0.0019257842041895668,
      0.01713383813090276,
      0.9622979489668236
    ],
    [
      0.9738882706047337,
      0.007314639884539315,
      0.005279450826247732,
      0.0033545548806886085,
      0.002407280444665058,
      0.007755803359125589
    ],
    [
      0.97884505989552,
      0.006617093910806379,
      0.005745667507923847,
      0.0021862353342156035,
      0.00324173503547649,
      0.003364208316057693
    ],
    [
      0.9779464237617651,
      0.0068844876895084285,
      0.005937849743735097,
      0.002236293535957764,
      0.003470166549258476,
      0.0035247787197750756
    ],
    [
      0.9794874119537077,
      0.007408538918547082,
      0.00503544106163978,
      0.00223421329533657,
      0.002574111921273691,
      0.003260282849495099
    ],
    [
      0.9776680666305625,
      0.006893893186331553,
      0.006250334041332448,
      0.002274305651547263,
      0.003363916767704393,
      0.0035494837225219004
    ],
    [
      0.0028915211196375253,
      0.22765713563277643,
      0.7625750730000843,
      0.0022388011921837415,
      0.0019409383602121367,
      0.0026965306951058482
    ],
    [
      0.004336408899131676,
      0.013876561823064085,
      0.7158826681744132,
      0.0024289090603501987,
      0.001771387567487991,
      0.26170406447555294
    ],
    [
      0.003382291641238187,
      0.0066119993658730405,
      0.005696792917754285,
      0.0021671110235420396,
      0.978720848562117,
      0.0034209564894753376
    ],
    [
      0.9565481039535371,
      0.007348298637530212,
      0.029935774517719633,
      0.0016592833557769534,
      0.0016577384958364786,
      0.0028508010395996985
    ],
    [
      0.8681950289035073,
      0.010254476185527875,
      0.01042615346841863,
      0.0014789902006998722,
      0.10756020823355776,
      0.002085143008288485
    ],
    [
      0.002475346802567249,
      0.008784688695796076,
      0.0060348740476742525,
      0.0021285899360221463,
      0.0023233890516856375,
      0.9782531114662546
    ],
    [
      0.13598612856175002,
      0.4112000294474214,
      0.3508831748905105,
      0.0035973472647107285,
      0.01996600683270359,
      0.07836731300290381
    ],
    [
      0.003329576003875484,
      0.006679865203550485,
      0.006086856626535023,
      0.002193641585507959,
      0.003468686856549641,
      0.9782413737239813
    ],
    [
      0.9311962871555348,
      0.009759802994866017,
      0.0038154595489707003,
      0.0019780338453696967,
      0.05147864398647487,
      0.00177177246878386
    ],
    [
      0.9784827988313799,
      0.008533729219298096,
      0.005043353994154373,
      0.002352115076028828,
      0.002552784824706181,
      0.003035218054432592
    ],
    [
      0.9787254907644427,
      0.006592984361591424,
      0.005752487865227509,
      0.0022225850071585823,
      0.003325157852685052,
      0.0033812941488947953
    ],
    [
      0.004117747783422791,
      0.00665916969815913,
      0.005721947424308747,
      0.0022127717715270546,
      0.9775485892561365,
      0.0037397740664456744
    ],
    [
      0.9689379839190303,
      0.012673801431459143,
      0.011928996468797576,
      0.0023329532224819582,
      0.002114941871068867,
      0.00201132308716217
    ],
    [
      0.974744249674434,
      0.009105092502308829,
      0.005387749554000158,
      0.0030429682378150524,
      0.0043443691357907535,
      0.0033755708956512234
    ],
    [
      0.9790873179979892,
      0.007416005477059656,
      0.00520493654959273,
      0.00230057427277677,
      0.002558003329598326,
      0.003433162372983371
    ],
    [
      0.9797278644420538,
      0.007327818900269478,
      0.005044342429453707,
      0.0022292489993308855,
      0.0024241398167020906,
      0.0032465854121899447
    ],
    [
      0.9796282173009474,
      0.007337464746175086,
      0.005026913977853522,
      0.0022205133861850704,
      0.0025461569282698763,
      0.003240733660568932
    ],
    [
      0.9786596302257085,
      0.006642414287529353,
      0.005759700033012179,
      0.0021788926539600072,
      0.00337348458557281,
      0.003385878214217193
    ],
    [
      0.9567454291088632,
      0.015316018398545184,
      0.01625331343185019,
      0.0026049668868418784,
      0.0025561323005551637,
      0.00652413987334453
    ],
    [
      0.002697121527535118,
      0.008464084865490617,
      0.008692311086345607,
      0.001543079748137376,
      0.0024437798440884663,
      0.9761596229284027
    ],
    [
      0.014451745845094061,
      0.010926778589938789,
      0.004543849547823444,
      0.0024885235157938285,
      0.9628695168748603,
      0.004719585626489398
    ],
    [
      0.9787189640470352,
      0.00754400087482959,
      0.005310154243919525,
      0.0022845375315624227,
      0.002663120057566722,
      0.003479223245086578
    ],
    [
      0.9774542208092235,
      0.009160145618427528,
      0.00527794419753119,
      0.002368170609517481,
      0.002593724722720928,
      0.003145794042579281
    ],
    [
      0.9776571857610272,
      0.006821753296788619,
      0.005875055058155526,
      0.002221009641636205,
      0.0038298329454006072,
      0.003595163296991806
    ],
    [
      0.010544709200529545,
      0.021514983123438722,
      0.007738781224282797,
      0.002357379501150715,
      0.9526634636610929,
      0.0051806832895053825
    ],
    [
      0.00222255528522446,
      0.011595196227431395,
      0.007691972617260143,
      0.002328757383543971,
      0.0021957760619570436,
      0.973965742424583
    ],
    [
      0.0032643784068350306,
      0.006618648979567931,
      0.0059285373010938384,
      0.002170128898449728,
      0.003252220898369041,
      0.9787660855156844
    ],
    [
      0.0033279706621255414,
      0.9035931938238719,
      0.08444638523772648,
      0.002092109609807592,
      0.0031866900868203277,
      0.003353650579648145
    ],
    [
      0.9779113834132532,
      0.008804098933958917,
      0.005384917774708112,
      0.0024327978244827637,
      0.002290129791692012,
      0.003176672261904855
    ],
    [
      0.0023780306911114885,
      0.00894342378655858,
      0.0063894187948908806,
      0.002132221768935022,
      0.0015713739533535153,
      0.9785855310051504
    ],
    [
      0.9646712211460718,
      0.009325547603404044,
      0.01758315158076641,
      0.0016023103838174039,
      0.0018706689890254544,
      0.00494710029691501
    ],
    [
      0.9642277535686506,
      0.010514099099778186,
      0.015096624903295804,
      0.0028629299800766845,
      0.0020405347649038604,
      0.005258057683294903
    ],
    [
      0.0020605846995455884,
      0.011577218980541398,
      0.008996933345768416,
      0.002346025521091229,
      0.0017770372772049376,
      0.9732422001758484
    ],
    [
      0.9688577799607149,
      0.011847701036484701,
      0.005764734343193414,
      0.002700846202657155,
      0.006256267788419363,
      0.0045726706685304645
    ],
    [
      0.9732978960670181,
      0.010975955369835595,
      0.005207469392079025,
      0.0036377525864241395,
      0.004045796119708085,
      0.00283513046493504
    ],
    [
      0.9784655801635491,
      0.006642115786695817,
      0.005747458064991177,
      0.002242640587040386,
      0.0034963283901847824,
      0.0034058770075387364
    ],
    [
      0.95934160911295,
      0.010012295286552363,
      0.004509998807566601,
      0.0023678446926180797,
      0.021710102460812303,
      0.0020581496395006885
    ],
    [
      0.002579220191718861,
      0.008776973962058999,
      0.007272477170946509,
      0.0022214132424799773,
      0.0036388106854279996,
      0.9755111047473677
    ],
    [
      0.975749220922447,
      0.008995115774049106,
      0.005328145418565456,
      0.0024767171121543364,
      0.00391204176972752,
      0.003538759003056665
    ],
    [
      0.0033751349482490423,
      0.015364328515865578,
      0.9716058718393841,
      0.0021976671545219793,
      0.003248327394677567,
      0.004208670147301645
    ],
    [
      0.9718439746922084,
      0.01141203129741749,
      0.005716669972018033,
      0.0032239217647077275,
      0.004770250939258398,
      0.0030331513343899046
    ],
    [
      0.9765642834194228,
      0.007697857985161492,
      0.005150992724301377,
      0.002294755690035902,
      0.004839610680204338,
      0.0034524995008740657
    ],
    [
      0.9782931404094418,
      0.00862664253084045,
      0.0051394292813221314,
      0.0027386353260426574,
      0.002154835181362514,
      0.003047317270990491
    ],
    [
      0.0021698512201424056,
      0.011626773796256437,
      0.005866619534539178,
      0.001872246906907379,
      0.005898376680784713,
      0.97256613186137
    ],
    [
      0.9737678854347315,
      0.011484142361661879,
      0.00568097155606987,
      0.0029617548534538025,
      0.0036244810942195117,
      0.002480764699863469
    ],
    [
      0.9778825425981265,
      0.00861434752870887,
      0.005285148207706474,
      0.0026887143012973226,
      0.0023218445849851163,
      0.003207402779175783
    ],
    [
      0.014077796267740252,
      0.011452068158215216,
      0.004719180994151066,
      0.002363185763418041,
      0.9627864524944885,
      0.004601316321986969
    ],
    [
      0.9568145717746875,
      0.010388220786798916,
      0.004826464419674606,
      0.0025347641103713446,
      0.023108252430035395,
      0.0023277264784321776
    ],
    [
      0.00383955646002836,
      0.00736972672578589,
      0.005557631446227095,
      0.00223483592603552,
      0.0024689315263248467,
      0.9785293179155983
    ],
    [
      0.9782600035617897,
      0.008617783279694657,
      0.0051148806499711616,
      0.0025308101290970834,
      0.002340976356084894,
      0.003135546023362581
    ],
    [
      0.9709803345090199,
      0.009196715991140596,
      0.00996138760769605,
      0.0021456779306418283,
      0.00510611588967711,
      0.002609768071824769
    ],
    [
      0.9786829780921554,
      0.006925089690400854,
      0.004849197486171829,
      0.002445018715883243,
      0.004897330919573332,
      0.002200385095815364
    ],
    [
      0.9786016149736977,
      0.0066523604900728004,
      0.005755937365881148,
      0.0021851751437168927,
      0.003403002008308746,
      0.003401910018322577
    ],
    [
      0.9781186633191079,
      0.006678939760951653,
      0.005758505125653246,
      0.0022057643138071984,
      0.003829549416729605,
      0.003408578063750525
    ],
    [
      0.9789487161513045,
      0.007510252852612257,
      0.005157162497834382,
      0.002246547591401051,
      0.002738270827843029,
      0.0033990500790049053
    ],
    [
      0.9792416367851221,
      0.006722568603293882,
      0.004336950289351864,
      0.0048786087736419825,
      0.003095681330173315,
      0.0017245542184168383
    ],
    [
      0.9766581342471133,
      0.007003396498265924,
      0.005928065168212925,
      0.0022472590707004886,
      0.004656305290343665,
      0.0035068397253637334
    ],
    [
      0.9691803971296397,
      0.007448859268238663,
      0.012689454068900574,
      0.0018869493887878946,
      0.0026227825468731546,
      0.00617155759756021
    ],
    [
      0.9754632855348574,
      0.011078348143047033,
      0.0051530728876176355,
      0.002398799197602853,
      0.0035600515743196624,
      0.0023464426625553025
    ],
    [
      0.0571558441053529,
      0.026403981120228293,
      0.9099274852055066,
      0.0017149963470034079,
      0.0014288345036503603,
      0.0033688587182583904
    ],
    [
      0.0022765442414009996,
      0.00723483594838472,
      0.011343692720324546,
      0.0014470266563712494,
      0.0013777017649461319,
      0.9763201986685724
    ],
    [
      0.9778564235656754,
      0.0069300844904256025,
      0.005818291059443134,
      0.00218204874631266,
      0.003807138591299284,
      0.003406013546844043
    ],
    [
      0.9787804467327216,
      0.006635795806771281,
      0.005841063625628105,
      0.0021623402762615744,
      0.0032280447876919514,
      0.003352308770925199
    ],
    [
      0.9773135216698949,
      0.008085962924896418,
      0.007179211440818755,
      0.0024136083029711927,
      0.0030425628611927265,
      0.0019651328002260214
    ],
    [
      0.9422824054563531,
      0.029945972857122045,
      0.020278789526250382,
      0.0014801680830463535,
      0.0029103904432697092,
      0.0031022736339582115
    ],
    [
      0.003545956201136139,
      0.00679468501171198,
      0.005724656731893878,
      0.0021951892786203687,
      0.978153509062635,
      0.0035860037140026803
    ],
    [
      0.9732111840353884,
      0.011196079847951573,
      0.005050318568627452,
      0.0034310031782626184,
      0.00347414783574012,
      0.0036372665340297615
    ],
    [
      0.9767334928592021,
      0.008386845901379511,
      0.005292770017829806,
      0.0022673919258211057,
      0.0036826295540959932,
      0.0036368697416715623
    ],
    [
      0.9752491887955558,
      0.012051871352858838,
      0.0058422933576616235,
      0.0025226154741118142,
      0.002124177583393314,
      0.0022098534364187205
    ],
    [
      0.0033587378347767548,
      0.006613186564946433,
      0.005695563712696337,
      0.002171701267851394,
      0.9787511257146617,
      0.00340968490506747
    ],
    [
      0.9699656343198401,
      0.00786295298006756,
      0.012703435214741675,
      0.0019949471776043877,
      0.0037051778681191465,
      0.003767852439627149
    ],
    [
      0.9782024874294147,
      0.006732820586144173,
      0.005798853715522377,
      0.0021877845545925693,
      0.0036694577517857457,
      0.003408595962540333
    ],
    [
      0.004146917570006465,
      0.007906579008422687,
      0.007354114757801529,
      0.0022770225909811946,
      0.005110430142096589,
      0.9732049359306916
    ],
    [
      0.011268374431315717,
      0.406222868837149,
      0.26582621874073625,
      0.005082465165930982,
      0.024646849676183857,
      0.2869532231486842
    ],
    [
      0.006314977589024488,
      0.007359026186508484,
      0.004252273654208137,
      0.0017299687853629352,
      0.9733679520268077,
      0.006975801758088394
    ],
    [
      0.9630846174530799,
      0.009176648252539938,
      0.003980435893301537,
      0.0020624044445811634,
      0.017001703025135553,
      0.0046941909313619285
    ],
    [
      0.976658654133336,
      0.007490916694082535,
      0.006296138508702666,
      0.0022391914137985607,
      0.0037245031143401503,
      0.0035905961357400595
    ],
    [
      0.9753802417790641,
      0.00970627355683682,
      0.005841854205630295,
      0.002494247150460519,
      0.0027029510531,
      0.003874432254908264
    ],
    [
      0.970300277483647,
      0.01202218323111291,
      0.006343026111822664,
      0.0030526571543282297,
      0.004934377156802355,
      0.0033474788622869004
    ],
    [
      0.003628593954991739,
      0.006743111000501251,
      0.005877485062621782,
      0.9763201753075318,
      0.0034266516236877696,
      0.004003983050665652
    ],
    [
      0.005638394409480984,
      0.0074317609424666,
      0.007170100869766134,
      0.0025232727019322966,
      0.00781806006198558,
      0.9694184110143684
    ],
    [
      0.9789170324701449,
      0.006567097343711706,
      0.005704159259042598,
      0.002193759298602019,
      0.003259237075815469,
      0.0033587145526831597
    ],
    [
      0.973142793352368,
      0.010900998539500264,
      0.004872100644837063,
      0.005197065137372556,
      0.0032458333208184374,
      0.0026412090051036196
    ],
    [
      0.979784442638698,
      0.007280999679601584,
      0.005032107399502384,
      0.0022156057771282912,
      0.0024351912819663775,
      0.0032516532231032743
    ],
    [
      0.9312435529362219,
      0.02457462064584033,
      0.034812872340977616,
      0.0016959594336727602,
      0.003246248978903767,
      0.0044267456643836325
    ],
    [
      0.003807072685986597,
      0.007324713349277504,
      0.005272681545390803,
      0.0022216533620891734,
      0.002431965511538281,
      0.9789419135457176
    ],
    [
      0.9757446241003317,
      0.009932422257172117,
      0.005788850107505457,
      0.002256486480841347,
      0.0029056454366096548,
      0.003371971617539706
    ],
    [
      0.9653582476095991,
      0.011944089212753042,
      0.005827496158992734,
      0.0034255169485858696,
      0.006442011113942696,
      0.007002638956126618
    ],
    [
      0.0033868604821806815,
      0.0067118936477063955,
      0.0058307069329712954,
      0.9773861016187672,
      0.003242813866396055,
      0.003441623451978352
    ],
    [
      0.003822149417996159,
      0.007333397883564876,
      0.005303299409235441,
      0.0022277446185660858,
      0.002442709796185676,
      0.9788706988744518
    ],
    [
      0.003875333896411258,
      0.11352996421746568,
      0.8748077477932124,
      0.0021372647491656248,
      0.0022902855525822417,
      0.0033594037911628266
    ],
    [
      0.9707309742173035,
      0.011371751274869266,
      0.0060244184107484935,
      0.003364618968125761,
      0.0044238899212965385,
      0.004084347207656308
    ],
    [
      0.9700402485808107,
      0.010013371063289346,
      0.005612534073427902,
      0.002282829758855553,
      0.008905821843326577,
      0.0031451946802898115
    ],
    [
      0.0033632299338625066,
      0.006839525036051238,
      0.0066863135531408146,
      0.0021900624010441224,
      0.0034507172597052177,
      0.977470151816196
    ],
    [
      0.9473005712980181,
      0.008609731868772152,
      0.0050714555005343205,
      0.002870231814168508,
      0.0328445078984265,
      0.003303501620080252
    ],
    [
      0.9692227809598603,
      0.009334490509815567,
      0.005931322772234606,
      0.0023695531792117135,
      0.00931328526574373,
      0.00382856731313434
    ],
    [
      0.964878179141546,
      0.016146229514728813,
      0.009616234998776086,
      0.002586772810610996,
      0.0026185909539406444,
      0.004153992580397389
    ],
    [
      0.9771697600731414,
      0.006664746375827004,
      0.005776215508600795,
      0.0023103779189190066,
      0.004505239045015751,
      0.003573661078496075
    ],
    [
      0.976584720631226,
      0.00877520781254122,
      0.00545741614120792,
      0.002668612121443658,
      0.002952860559508103,
      0.0035611827340732427
    ],
    [
      0.9783090779889735,
      0.007538647824179758,
      0.005139105692997622,
      0.0022414121666081877,
      0.003471359362719941,
      0.0033003969645209116
    ],
    [
      0.9657435127578599,
      0.011872061721466945,
      0.007379209966293865,
      0.0026972223833971205,
      0.007332073181744093,
      0.004975919989238291
    ],
    [
      0.9772590347806099,
      0.007697886440935439,
      0.005294274366274466,
      0.0022601238400313754,
      0.004082790480925548,
      0.0034058900912233847
    ],
    [
      0.9637600525858043,
      0.010344330383772924,
      0.006806752176826483,
      0.0023575973224461266,
      0.00825844910093378,
      0.008472818430216291
    ],
    [
      0.0038775126291330565,
      0.007423980257102788,
      0.005684801895824425,
      0.002250139433616306,
      0.0025043097268324225,
      0.9782592560574909
    ],
    [
      0.9763504196774125,
      0.009301351667267026,
      0.006062951477841073,
      0.003081305928336856,
      0.0020919787052394007,
      0.0031119925439028495
    ],
    [
      0.0033090796952671606,
      0.01013879586201579,
      0.010544621536079346,
      0.0024339337971199105,
      0.0024579893228937892,
      0.9711155797866241
    ],
    [
      0.9783562448876255,
      0.006719951328047016,
      0.0060011350582186915,
      0.002177604722457721,
      0.00335819809459114,
      0.003386865909059655
    ],
    [
      0.9744504270550515,
      0.011054461059274061,
      0.0054488753549392045,
      0.0031427389887566325,
      0.003344590756625973,
      0.0025589067853524082
    ],
    [
      0.9772639402522447,
      0.006650068825276643,
      0.005719426747436897,
      0.0022017685710216824,
      0.004750616025793943,
      0.0034141795782261612
    ],
    [
      0.9247510640046476,
      0.012971408722115671,
      0.055271479287849534,
      0.0017084670223028089,
      0.0017810703611883616,
      0.0035165106018959272
    ],
    [
      0.9723014067972228,
      0.007238402115841241,
      0.007690774195261928,
      0.0052903241914870865,
      0.004707140955258693,
      0.0027719517449282505
    ],
    [
      0.9766523253380647,
      0.010690860390435234,
      0.005157778962014669,
      0.0031399816340195227,
      0.002271626249336076,
      0.0020874274261296713
    ],
    [
      0.0023958052602804447,
      0.008764807993331231,
      0.005944796364261103,
      0.0021131064062321196,
      0.0023353270866978367,
      0.9784461568891972
    ],
    [
      0.9786349362751956,
      0.006659995796020865,
      0.005812770477768808,
      0.002213747549947345,
      0.0032860570450594733,
      0.0033924928560078674
    ],
    [
      0.9742023310830005,
      0.00823933979738301,
      0.00474867323234933,
      0.003455313331284439,
      0.006212316323089314,
      0.003142026232893316
    ],
    [
      0.003950559260296595,
      0.008296503313058425,
      0.004858057362624661,
      0.0022010864943886213,
      0.9774414863955512,
      0.0032523071740805736
    ],
    [
      0.9733665500694748,
      0.011094729324231082,
      0.005047063365966762,
      0.002698158933552481,
      0.005610837243743593,
      0.002182661063031304
    ],
    [
      0.9794632284293151,
      0.007401727882748126,
      0.005133964896890649,
      0.0022481443937752317,
      0.0024548131573483133,
      0.0032981212399226345
    ],
    [
      0.003950225017645065,
      0.010019476288822856,
      0.977723979592719,
      0.002219208669996595,
      0.002393103929074696,
      0.003694006501741755
    ],
    [
      0.9772911829097164,
      0.007178534269850678,
      0.006149785014892128,
      0.002206849656240089,
      0.003666015335335461,
      0.0035076328139652595
    ],
    [
      0.9781644717065929,
      0.00648218444700821,
      0.006549319882166195,
      0.002941877253259177,
      0.0019839569847336495,
      0.0038781897262396576
    ],
    [
      0.9313160378287267,
      0.008819559494373895,
      0.004160397235448182,
      0.00165806603555146,
      0.05161394676426997,
      0.0024319926416296934
    ],
    [
