{
  "model_name": "two_stage_top2",
  "fold_metrics": [
    {
      "fold": 1,
      "train_macro_f1": 0.9977,
      "val_macro_f1": 0.9331
    },
    {
      "fold": 2,
      "train_macro_f1": 0.9981,
      "val_macro_f1": 0.9296
    },
    {
      "fold": 3,
      "train_macro_f1": 0.9977,
      "val_macro_f1": 0.9401
    },
    {
      "fold": 4,
      "train_macro_f1": 0.9996,
      "val_macro_f1": 0.9564
    },
    {
      "fold": 5,
      "train_macro_f1": 0.9963,
      "val_macro_f1": 0.8925
    }
  ],
  "summary": {
    "mean_val_macro_f1": 0.9303,
    "std_val_macro_f1": 0.021,
    "mean_train_macro_f1": 0.9979,
    "mean_overfit_gap": 0.0675,
    "fold_val_f1s": [
      0.9331,
      0.9296,
      0.9401,
      0.9564,
      0.8925
    ],
    "fold_train_f1s": [
      0.9977,
      0.9981,
      0.9977,
      0.9996,
      0.9963
    ]
  },
  "oof_metrics": {
    "macro_f1": 0.9313,
    "accuracy": 0.98,
    "per_class_f1": {
      "Human": 0.998,
      "DeepSeek": 0.732,
      "Grok": 0.8773,
      "Claude": 0.9937,
      "Gemini": 0.9979,
      "ChatGPT": 0.989
    }
  },
  "oof_classification_report": "              precision    recall  f1-score   support\n\n       Human       1.00      1.00      1.00      1520\n    DeepSeek       0.77      0.70      0.73        80\n        Grok       0.86      0.89      0.88       160\n      Claude       1.00      0.99      0.99        80\n      Gemini       1.00      1.00      1.00       240\n     ChatGPT       0.99      0.99      0.99       320\n\n    accuracy                           0.98      2400\n   macro avg       0.94      0.93      0.93      2400\nweighted avg       0.98      0.98      0.98      2400\n",
  "oof_proba": [
    [
      0.9626379643612788,
      0.006493837518336408,
      0.0008565085428428361,
      0.006269081343634574,
      0.019193780111395303,
      0.0045488281225121606
    ],
    [
      0.014511976165363902,
      0.6357826311284586,
      0.3353276834606057,
      0.001040309366069887,
      0.009954164230075994,
      0.0033832356494259194
    ],
    [
      0.9808937534107225,
      0.0031218846177293916,
      0.0008063138596476429,
      0.003343440086941122,
      0.008080605139544405,
      0.0037540028854150037
    ],
    [
      0.0022239311321254215,
      0.0015393721258179082,
      0.0019269652928981047,
      0.9907809739315477,
      0.0009792393421812543,
      0.0025495181754295214
    ],
    [
      0.9730288982320823,
      0.0009248530738379951,
      5.89141428798551e-05,
      0.0161413582333627,
      0.007698033733177862,
      0.002147942584659461
    ],
    [
      0.013031645229635163,
      0.5050912322613152,
      0.4533505867438075,
      0.005748347429361605,
      0.02147326509531174,
      0.0013049232405689282
    ],
    [
      0.9604538911709178,
      0.01591192357587668,
      0.006838927020203906,
      0.005037148129959087,
      0.00797928064908133,
      0.0037788294539610762
    ],
    [
      0.00121170091119106,
      0.005758202427370997,
      0.017814184723390223,
      0.004767741662966431,
      0.014702891341720915,
      0.9557452789333605
    ],
    [
      0.9735160241836934,
      0.001650784779845715,
      0.0011893071770419472,
      0.005424458006215411,
      0.014750998772308614,
      0.0034684270808947354
    ],
    [
      0.9419969007653126,
      0.0164939599147951,
      0.003597239792464134,
      0.007213389970313791,
      0.0239127214971093,
      0.006785788060004918
    ],
    [
      0.0010700810778474434,
      0.47737544499375517,
      0.5122276965990235,
      0.0010974827768357033,
      0.002662442154819179,
      0.005566852397719024
    ],
    [
      0.0054433824545917385,
      0.7955230061895926,
      0.19009574178365482,
      0.0023396486789045985,
      0.005498457979985128,
      0.0010997629132711896
    ],
    [
      0.00638956588797939,
      0.2767487416477215,
      0.6881888569836719,
      0.0009059404697597422,
      0.026991242122225048,
      0.0007756528886423759
    ],
    [
      0.003614308896712753,
      0.0017144528634095403,
      0.0027881052076614834,
      0.9875983744790099,
      0.0011481992669998354,
      0.0031365592862066
    ],
    [
      0.0026720638825726917,
      0.015510985234477496,
      0.01191803485454169,
      0.003834660654181729,
      0.012580686263071688,
      0.9534835691111547
    ],
    [
      0.95752353948,
      0.00685538921109091,
      0.0018233636178885744,
      0.004069619826224667,
      0.02737293446094104,
      0.002355153403854728
    ],
    [
      0.0011221847396298095,
      0.00487664288252226,
      0.01041265630082652,
      0.0029532724186396657,
      0.003163161038437167,
      0.9774720826199447
    ],
    [
      0.9647347187176595,
      0.004762619969049375,
      0.0008109338778438338,
      0.00829721327706584,
      0.014024682147101541,
      0.007369832011279823
    ],
    [
      0.9167910467818993,
      0.0149142666362105,
      0.00525272312039822,
      0.009846515974949297,
      0.043390042108567325,
      0.009805405377975319
    ],
    [
      0.005908368825878407,
      0.8271373843363036,
      0.1374247568806687,
      0.0007953056937871441,
      0.025740811491882124,
      0.0029933727714799557
    ],
    [
      0.9382588266023139,
      0.04738198346199643,
      0.007226446130779158,
      0.0009028925527044152,
      0.005200511514558319,
      0.0010293397376478157
    ],
    [
      0.7949719027764763,
      0.046654612362289925,
      0.06128696199089853,
      0.007770828321280588,
      0.0689202302637342,
      0.020395464285320578
    ],
    [
      0.0010720934487831477,
      0.011151863275819606,
      0.0243008257401213,
      0.004013629916989364,
      0.004206045594481882,
      0.9552555420238046
    ],
    [
      0.9636652397421984,
      0.0062423590212352395,
      0.0036184453894201286,
      0.0034652768596502167,
      0.020748100728408367,
      0.002260578259087454
    ],
    [
      0.19752488856878395,
      0.07245822510445217,
      0.017928719504441967,
      0.11748957241432284,
      0.1853900259492174,
      0.40920856845878173
    ],
    [
      0.01244064642974377,
      0.0033473199768427695,
      0.00046333124530485416,
      0.012705723940842803,
      0.9574792688237717,
      0.013563709583494279
    ],
    [
      0.9744787891555475,
      0.013179390309859535,
      0.004387420220278262,
      0.0016122856361933224,
      0.003837169197208317,
      0.0025049454809132716
    ],
    [
      0.002180734945529857,
      0.016800037600823586,
      0.02341295014709896,
      0.009463933222977606,
      0.014447299757572607,
      0.9336950443259975
    ],
    [
      0.9745968791332204,
      0.006745977204989139,
      0.0011580167219492126,
      0.0044129086686551045,
      0.007139660519143781,
      0.005946557752042388
    ],
    [
      0.002698395700579342,
      0.006728675227709318,
      0.00440690673029625,
      0.9615666893047682,
      0.013273260826056366,
      0.011326072210590349
    ],
    [
      0.9790918808549133,
      0.001759975092527463,
      0.0003108513816847298,
      0.002920668324465609,
      0.013106060189779037,
      0.0028105641566297606
    ],
    [
      0.9707234794971451,
      0.004558427847478269,
      0.0005385595054495767,
      0.003030888504131168,
      0.01899710936012064,
      0.0021515352856751645
    ],
    [
      0.8787444188113102,
      0.015173647372769973,
      0.003851748532193958,
      0.0023242350473641742,
      0.09529432640764873,
      0.004611623828713218
    ],
    [
      0.9192394262687591,
      0.026768007835882273,
      0.0031211099337762394,
      0.006258501758457448,
      0.038282863875916,
      0.00633009032720896
    ],
    [
      0.7459235028304112,
      0.06783703650283342,
      0.020076578734398443,
      0.0047605445040107145,
      0.13840210377263254,
      0.023000233655713687
    ],
    [
      0.9529145313197638,
      0.0038115114135167183,
      0.00039285447926812214,
      0.012914458258297524,
      0.023594731180606038,
      0.006371913348548023
    ],
    [
      0.0008228905377662786,
      0.004189962709536606,
      0.024205351090755733,
      0.0033471688768919273,
      0.001799433454549193,
      0.9656351933305002
    ],
    [
      0.6755126518044516,
      0.18596521377138509,
      0.06476314702210752,
      0.008494844984346748,
      0.05451821439916102,
      0.01074592801854795
    ],
    [
      0.013036307927587153,
      0.003376578934836219,
      0.0004296613787781978,
      0.015877843477724304,
      0.9518707758221663,
      0.015408832458907853
    ],
    [
      0.011986259871723533,
      0.6003411326055994,
      0.38137331660319723,
      0.0014187888838280835,
      0.0038207076449714274,
      0.001059794390680278
    ],
    [
      0.9922730100562404,
      0.00044352716137702837,
      4.5257393524796636e-05,
      0.004024333354285164,
      0.0023568241999607957,
      0.0008570478346118977
    ],
    [
      0.014875781531568414,
      0.0024799850313392997,
      0.0011915044230992216,
      0.008156339477438455,
      0.964095155493683,
      0.009201234042871622
    ],
    [
      0.001849758415452252,
      0.07195161060417607,
      0.9204724274426067,
      0.00046198475798302815,
      0.0018585075086289757,
      0.003405711271152875
    ],
    [
      0.9742588768445215,
      0.007107644833213747,
      0.0025994751247817235,
      0.00460420330065326,
      0.007052316976278404,
      0.004377482920551284
    ],
    [
      0.008095790797669372,
      0.03087357130234096,
      0.0052732592576025875,
      0.0050832508427693475,
      0.9250905303146721,
      0.02558359748494547
    ],
    [
      0.9526876043850783,
      0.023125885387330725,
      0.011270387001210306,
      0.002196839100525051,
      0.006297802791074934,
      0.004421481334780732
    ],
    [
      0.9552867729281711,
      0.0002397007126358372,
      1.0898707341674753e-05,
      0.03926888625665839,
      0.002123650097145807,
      0.0030700912980473802
    ],
    [
      0.033316799017195524,
      0.13187085047752156,
      0.019175618428263624,
      0.023308140709506108,
      0.7613526778748408,
      0.03097591349267248
    ],
    [
      0.9883829045136706,
      0.00014989119131423673,
      1.4359041149512833e-05,
      0.00828658715597003,
      0.0016453928011261523,
      0.001520865296769541
    ],
    [
      0.001692202685461232,
      0.7907419654584408,
      0.19521425212006713,
      0.00075881236231646,
      0.010276803517730058,
      0.0013159638559842857
    ],
    [
      0.7927659553561355,
      0.06519457441478196,
      0.09856637957841158,
      0.0038913385919296657,
      0.03429518041359061,
      0.005286571645150785
    ],
    [
      0.9287681035808548,
      0.041364960049839083,
      0.013557101280675775,
      0.0027190231617420547,
      0.011760401466876335,
      0.0018304104600119352
    ],
    [
      0.9731791368758886,
      0.009828644800442177,
      0.0022189287056076893,
      0.0017331777267073601,
      0.011451364298349623,
      0.0015887475930045174
    ],
    [
      0.8202614834765696,
      0.09641865813242505,
      0.05491458972474148,
      0.002790770759468016,
      0.019248329827990796,
      0.006366168078804994
    ],
    [
      0.9834602492878656,
      0.005690591460206562,
      0.0007364825094357237,
      0.002231558735516865,
      0.006457002262668167,
      0.0014241157443072362
    ],
    [
      0.9727703263463521,
      0.014853089079679738,
      0.003878306132026116,
      0.0010759987487203439,
      0.005514372437733006,
      0.0019079072554886234
    ],
    [
      0.9491447447603263,
      0.014034613964331437,
      0.0026702330030812867,
      0.0031442935674254684,
      0.026801499012033186,
      0.004204615692802158
    ],
    [
      0.9963995045764584,
      0.001096550017641183,
      0.00023356400324543687,
      0.0008929088235026302,
      0.0007875480383302922,
      0.0005899245408219432
    ],
    [
      0.9764611782826184,
      0.003563268140568172,
      0.0013202891552957208,
      0.00197399018138015,
      0.01319793269439904,
      0.0034833415457388448
    ],
    [
      0.010682052361308989,
      0.058029601537685514,
      0.06388279132998104,
      0.0035695263134440766,
      0.8431465439761658,
      0.02068948448141468
    ],
    [
      0.9384473546331262,
      0.00732204047786552,
      0.0032529073184125066,
      0.003200609435695772,
      0.04512244509480472,
      0.002654643040095536
    ],
    [
      0.9920759420914205,
      0.0018490250215134477,
      0.0006491936213682022,
      0.0011179768027376098,
      0.0031981752289694933,
      0.001109687233990947
    ],
    [
      0.875804170195891,
      0.03092332622571819,
      0.013479974547052046,
      0.008361575746643148,
      0.06070140348797099,
      0.010729549796724651
    ],
    [
      0.9945358816686601,
      0.0007405346681242406,
      0.0004826384778120093,
      0.00155087439260764,
      0.0018021092865401819,
      0.0008879615062559103
    ],
    [
      0.005823611635762555,
      0.0394461746054557,
      0.8595284140385575,
      0.013013082768012631,
      0.013787843457504076,
      0.06840087349470743
    ],
    [
      0.9836714093904108,
      0.0019954993422857956,
      0.0006128691983309069,
      0.001744305251276582,
      0.009906547671599765,
      0.0020693691460961167
    ],
    [
      0.9825861099861881,
      0.004174839168730497,
      0.0005344117128225924,
      0.0024796607104153458,
      0.0058701372182835285,
      0.0043548412035598
    ],
    [
      0.012078801501352486,
      0.004918818902634609,
      0.0019925954271084417,
      0.009004631494576996,
      0.9554542818747777,
      0.016550870799550057
    ],
    [
      0.9872094374773983,
      0.0014461963888713514,
      0.0005042288545109013,
      0.0014008131339430996,
      0.008789908609355572,
      0.0006494155359206318
    ],
    [
      0.002577599490743189,
      0.001162527676692136,
      0.002021096627789631,
      0.9914153319147682,
      0.0011095905087368766,
      0.0017138537812700604
    ],
    [
      0.9319008646605859,
      0.022911419784712176,
      0.0030649947021295604,
      0.0022676743486890793,
      0.03776752889982924,
      0.0020875176040539845
    ],
    [
      0.977631476171387,
      0.0022589247164786987,
      0.0005570805137013746,
      0.00453749982156011,
      0.010305898169848357,
      0.004709120607024607
    ],
    [
      0.9536027104987712,
      0.004264929898710441,
      0.0010378228765832165,
      0.00362029463592149,
      0.03478005031397269,
      0.002694191776040901
    ],
    [
      0.9305966247961793,
      0.012599778145906244,
      0.0020716263885240784,
      0.0025761750195542783,
      0.04721580349929162,
      0.00493999215054433
    ],
    [
      0.9043416545396938,
      0.021449591336214883,
      0.004330078455540639,
      0.016454978606440084,
      0.02914744654954949,
      0.024276250512560906
    ],
    [
      0.8436639408717416,
      0.07681439088424959,
      0.029772811966537405,
      0.0038242544483844767,
      0.039405398301284124,
      0.0065192035278029015
    ],
    [
      0.9936290558143286,
      0.0029489244608428256,
      0.0006935875188182466,
      0.0007933743575997209,
      0.0012615763552246992,
      0.0006734814931859244
    ],
    [
      0.008739557959247172,
      0.03974589576651877,
      0.017995082208730962,
      0.0033914500224943105,
      0.9152989553170663,
      0.014829058725942538
    ],
    [
      0.0005019574044685915,
      0.0019449902814541126,
      0.01292961321752433,
      0.0022394808366807007,
      0.0020856080456020864,
      0.9802983502142703
    ],
    [
      0.9521814016217433,
      0.006396729534069646,
      0.0017218164252557362,
      0.014005753883077775,
      0.01638835281956473,
      0.009305945716289003
    ],
    [
      0.8745379310805643,
      0.0385287710176823,
      0.021032416788747527,
      0.0027461172804858053,
      0.05688492506388647,
      0.006269838768633549
    ],
    [
      0.9823259666811619,
      0.0028241859452967834,
      0.0009181508412962827,
      0.0017425764090520071,
      0.011008860052260127,
      0.0011802600709330772
    ],
    [
      0.017833622705767372,
      0.06605430429900543,
      0.013222860040974636,
      0.0019128029794852897,
      0.8903396527045664,
      0.010636757270200822
    ],
    [
      0.9589016747534999,
      0.02792267470478691,
      0.0022296961002192263,
      0.0015067260425967594,
      0.007667096866060745,
      0.0017721315328364335
    ],
    [
      0.9463373597543419,
      0.02667395449437963,
      0.008138017752009959,
      0.0026725520758435007,
      0.009409508870915876,
      0.006768607052509547
    ],
    [
      0.9091252481707716,
      0.027190376668316557,
      0.0314176375280373,
      0.0045839469802040535,
      0.021549666972306668,
      0.006133123680364023
    ],
    [
      0.0005572024069245952,
      0.008139522065678412,
      0.015283279318781779,
      0.001502891058700449,
      0.006455544858380109,
      0.9680615602915346
    ],
    [
      0.9644198244761024,
      0.004032359545025676,
      0.0028710311833904626,
      0.004810182650416983,
      0.01818010238863584,
      0.0056864997564287315
    ],
    [
      0.9969826179013027,
      0.0009190404615452186,
      0.00016590335407441455,
      0.0005900774092994309,
      0.0006347627717992833,
      0.0007075981019791729
    ],
    [
      0.9770872286095662,
      0.008721928545319073,
      0.0022904012428436914,
      0.0024544796937500707,
      0.005327190700014907,
      0.004118771208506086
    ],
    [
      0.9776787649766979,
      0.005887853682509943,
      0.0005497683008045539,
      0.0045143048512623326,
      0.008708420728639464,
      0.0026608874600856
    ],
    [
      0.9701131889426926,
      0.011184937990494331,
      0.0058506134868918785,
      0.0028793088397283894,
      0.00541243340663089,
      0.004559517333562169
    ],
    [
      0.011045183428808343,
      0.4155046929963535,
      0.5476476346950854,
      0.01130638264748158,
      0.012189879034946801,
      0.002306227197324317
    ],
    [
      0.012292474068392862,
      0.06254957356786416,
      0.7265385182037744,
      0.022083738549471627,
      0.014104750774755209,
      0.16243094483574186
    ],
    [
      0.003530606826504693,
      0.00230180859478332,
      0.00026172579649483355,
      0.003528175078781626,
      0.9836245250854634,
      0.006753158617972142
    ],
    [
      0.985766750818056,
      0.00837980255013202,
      0.002326750678982344,
      0.0004962546243458187,
      0.001596914517614732,
      0.001433526810868772
    ],
    [
      0.8862633880849203,
      0.04877248848356805,
      0.013934646168821705,
      0.0015956409531230845,
      0.04446367577526443,
      0.00497016053430255
    ],
    [
      0.0004046485632506999,
      0.00814198087574455,
      0.01599051315846315,
      0.0014676461390851785,
      0.0035242820649516596,
      0.9704709291985048
    ],
    [
      0.08451125937885018,
      0.4378327489238907,
      0.24038365483499521,
      0.023856418510079462,
      0.13976231009533194,
      0.07365360825685272
    ],
    [
      0.0021363919762101943,
      0.007994472670146798,
      0.037207003697194777,
      0.009092859906123662,
      0.014503842224066445,
      0.9290654295262581
    ],
    [
      0.9378306754995043,
      0.017607352052681116,
      0.000885993113838819,
      0.004164619496171934,
      0.03472037660991371,
      0.004790983227890015
    ],
    [
      0.9786154777625046,
      0.0016925017226234248,
      0.0002640077311171307,
      0.0028046830179828583,
      0.01535854209831552,
      0.0012647876674568759
    ],
    [
      0.9920680094334524,
      0.0011838861853847747,
      0.0005357464420071131,
      0.00244799188550207,
      0.0021783814571272684,
      0.0015859845965265512
    ],
    [
      0.014209298374532504,
      0.003247691720330962,
      0.000980121423759751,
      0.013332479929136281,
      0.9535706441710686,
      0.014659764381171746
    ],
    [
      0.9683700545324583,
      0.005594846737925151,
      0.019329244459482683,
      0.0005394815321892332,
      0.005697840820780747,
      0.0004685319171636784
    ],
    [
      0.9545883556660933,
      0.007439204117103595,
      0.0009264735487950061,
      0.014214080484309215,
      0.015983101244673746,
      0.006848784939025237
    ],
    [
      0.9857895564313691,
      0.003429850272878179,
      0.002656600378479152,
      0.0024380930295499655,
      0.0030037925591067213,
      0.002682107328616792
    ],
    [
      0.9946722820824878,
      0.001965025433999898,
      0.00043377635464665165,
      0.0008207908589227021,
      0.0011554676094111028,
      0.0009526576605318508
    ],
    [
      0.987820912805173,
      0.0018508894285947624,
      0.00036099268514694653,
      0.0010597109243649697,
      0.008274618082588715,
      0.000632876074131302
    ],
    [
      0.9832504092047328,
      0.003963198561522235,
      0.0010411687834044052,
      0.0017288885358255365,
      0.007691056002602133,
      0.0023252789119127593
    ],
    [
      0.7732717756389428,
      0.07127280720997949,
      0.07399570140649833,
      0.008082032807613857,
      0.046775399920777345,
      0.026602283016188014
    ],
    [
      0.008600297472282293,
      0.013649271812062038,
      0.021479558700477457,
      0.007722995577710015,
      0.02566106678886726,
      0.9228868096486008
    ],
    [
      0.00952095252590956,
      0.0037795329976551824,
      0.0010060759109516264,
      0.008658940405913829,
      0.9643479747154081,
      0.01268652344416163
    ],
    [
      0.9661826002957722,
      0.008592001233807298,
      0.0034377977657106904,
      0.0058896513577893096,
      0.009020775798571712,
      0.006877173548348466
    ],
    [
      0.9729000802161473,
      0.008601056663598922,
      0.0012501068541716492,
      0.003039975284444571,
      0.011317990765164534,
      0.0028907902164730494
    ],
    [
      0.95266100363238,
      0.007912797644618323,
      0.002155197462721375,
      0.008856803537321453,
      0.014837327292733581,
      0.013576870430225154
    ],
    [
      0.10136354578867311,
      0.2518385632877465,
      0.05605692269690532,
      0.0059299911588945545,
      0.5612923322909019,
      0.02351864477687847
    ],
    [
      0.0010279426032100659,
      0.003463052143098816,
      0.018151853722025938,
      0.003032585952689497,
      0.003560041217293966,
      0.9707645243616818
    ],
    [
      0.0007148834258737204,
      0.0029047831997078602,
      0.011244740475849405,
      0.002443731791674917,
      0.0022355067837109156,
      0.9804563543231832
    ],
    [
      0.00447954099498026,
      0.7354519912249209,
      0.255020033109679,
      0.0015622317078317393,
      0.002416789995330659,
      0.0010694129672576284
    ],
    [
      0.9864817005418872,
      0.0031338502980492156,
      0.0015938180846180995,
      0.0014871535829554454,
      0.005944789642093919,
      0.00135868785039616
    ],
    [
      0.000722640027292382,
      0.007445866040059415,
      0.01500521232806593,
      0.002226206921141313,
      0.001797794102581818,
      0.972802280580859
    ],
    [
      0.9620013260813837,
      0.018767730775799064,
      0.006399992079430718,
      0.0017876826279591186,
      0.007099851799555512,
      0.003943416635871845
    ],
    [
      0.9369774656175672,
      0.014095844258618803,
      0.028036469496025482,
      0.004145500910329562,
      0.005579730901345398,
      0.01116498881611362
    ],
    [
      0.0002581935629396793,
      0.0023830692799005414,
      0.012031573730575122,
      0.001135073106971461,
      0.0011632966395600948,
      0.983028793680053
    ],
    [
      0.9155652836833437,
      0.015300146739186305,
      0.009371975840176322,
      0.008373688026594025,
      0.03195177599349141,
      0.019437129717208276
    ],
    [
      0.9782046495362114,
      0.0034446741487021526,
      0.0009013084897061909,
      0.005508979217911125,
      0.006847701321261077,
      0.005092687286208021
    ],
    [
      0.9674985658406924,
      0.004634626399068092,
      0.0012688998253536428,
      0.00986379401242831,
      0.01189280131681802,
      0.00484131260563956
    ],
    [
      0.9839585459371037,
      0.0027346701423870898,
      0.00018349929487731926,
      0.0036558447077717016,
      0.005546052589062557,
      0.003921387328797573
    ],
    [
      0.0007590397967419663,
      0.011264702686898883,
      0.07100765444365913,
      0.0026966339099994633,
      0.009586480537984665,
      0.904685488624716
    ],
    [
      0.9749923347547709,
      0.005927344653854238,
      0.0008154406330106161,
      0.00246097984516884,
      0.012968483068966564,
      0.0028354170442288556
    ],
    [
      0.002428970521420168,
      0.1416729160596419,
      0.8222047171373204,
      0.00199756039233502,
      0.005047169927998898,
      0.026648665961283766
    ],
    [
      0.9590257293417647,
      0.00912099142995605,
      0.0036337742880456683,
      0.006599782049667971,
      0.017689096429365923,
      0.003930626461199982
    ],
    [
      0.9278657384965704,
      0.011322578579076953,
      0.0013459242174582403,
      0.008570055495801787,
      0.04375301843744729,
      0.007142684773645703
    ],
    [
      0.9948175344114129,
      0.0012750237777555214,
      0.0003073380529433399,
      0.0013274994714507428,
      0.0017627922217014955,
      0.0005098120647358654
    ],
    [
      0.0006375104385498799,
      0.009883583639642632,
      0.012829571933665566,
      0.0015923600199138081,
      0.004907624280695326,
      0.9701493496875329
    ],
    [
      0.9714663114391162,
      0.006020525884381563,
      0.001513281542297206,
      0.00556608747799463,
      0.011980828015823716,
      0.003452965640386797
    ],
    [
      0.9843011219751001,
      0.0033323602789620934,
      0.0007392437585549468,
      0.003340472729335605,
      0.0049086036264147665,
      0.0033781976316324927
    ],
    [
      0.011748786786829066,
      0.00338154325821313,
      0.0013401919215818485,
      0.005982914657429607,
      0.9658786801697105,
      0.011667883206235886
    ],
    [
      0.9530999789555626,
      0.007253160460044843,
      0.0014977386160774837,
      0.00615906324650923,
      0.025394912058754094,
      0.00659514666305184
    ],
    [
      0.0011257983040204686,
      0.004494281116466521,
      0.0256706540734525,
      0.0031658753378115746,
      0.003639787961399871,
      0.9619036032068491
    ],
    [
      0.9900681797337844,
      0.0025829234085642805,
      0.00040541073596288627,
      0.002423060428460726,
      0.0031757988487706623,
      0.0013446268444569057
    ],
    [
      0.9516255630660032,
      0.01180737322875314,
      0.002609799286101072,
      0.0037443204256020746,
      0.024525391254987948,
      0.005687552738552407
    ],
    [
      0.9798083327906162,
      0.0029810613363600883,
      0.0007570711902705496,
      0.0027300254082857777,
      0.010753629836165627,
      0.002969879438301687
    ],
    [
      0.9805705476396963,
      0.004076646232346219,
      0.0010838644131111565,
      0.002422295692227333,
      0.007787879693715123,
      0.0040587663289038565
    ],
    [
      0.9636980536771544,
      0.003724003584557598,
      0.0007422658857637389,
      0.0038280570653777754,
      0.025109146061745784,
      0.0028984737254006618
    ],
    [
      0.9514356799573552,
      0.013405992323409086,
      0.0038144919366670587,
      0.004837591426471999,
      0.018097407490758194,
      0.008408836865338366
    ],
    [
      0.9956581366918869,
      0.0002681659754355366,
      0.00027294593047411163,
      0.0020140596433869916,
      0.0011698521003999619,
      0.0006168396584164558
    ],
    [
      0.9491479186070886,
      0.012521431473296409,
      0.002659641927319648,
      0.007450493548261942,
      0.023933951302778672,
      0.004286563141254602
    ],
    [
      0.9796799884667851,
      0.004470274077263519,
      0.0029427425643441555,
      0.003079902848755014,
      0.0070259101674611845,
      0.0028011818753911617
    ],
    [
      0.9935845029216555,
      0.0016338085762887876,
      0.00046957637285198006,
      0.0006690532507872669,
      0.0027848156051028155,
      0.0008582432733138153
    ],
    [
      0.002450811698331851,
      0.08474098698433039,
      0.9071483194910624,
      0.000907940524222179,
      0.004082187953071082,
      0.0006697533489820127
    ],
    [
      0.0003428520979244455,
      0.002211455908175688,
      0.01463325037805112,
      0.0016494470026659454,
      0.0012041071884892258,
      0.9799588874246935
    ],
    [
      0.9413955560003741,
      0.019794804462233275,
      0.0029304024729735687,
      0.0037412862174417165,
      0.028107373866606812,
      0.004030576980370569
    ],
    [
      0.994742332073726,
      0.0008787519806845058,
      0.0014084870899340712,
      9.65892549563931e-05,
      0.002612923694693169,
      0.0002609159060058343
    ],
    [
      0.9851967472469358,
      0.0022358355138919215,
      0.00032670582937469674,
      0.002312367917144546,
      0.008879864089095229,
      0.0010484794035575656
    ],
    [
      0.6733922548888152,
      0.20022791238183518,
      0.06069525929808459,
      0.0035871361355162418,
      0.05515447206435763,
      0.006942965231391288
    ],
    [
      0.004853555588979601,
      0.010731363116699222,
      0.002662418639218363,
      0.006656092585113108,
      0.9642514889993709,
      0.010845081070618802
    ],
    [
      0.9641144667391903,
      0.00548610114770429,
      0.0020220742164618207,
      0.00951590469039949,
      0.009719113375340184,
      0.009142339830903892
    ],
    [
      0.8844768800050806,
      0.04035492841574614,
      0.006412636119090124,
      0.010621166512418501,
      0.039060465988256673,
      0.01907392295940782
    ],
    [
      0.981936154582787,
      0.01067146670983952,
      0.0021752674412335023,
      0.0009154599715176072,
      0.0032720274926810898,
      0.0010296238019412228
    ],
    [
      0.002675835987961836,
      0.002561415991297366,
      0.0002502615145193851,
      0.0037571797454190297,
      0.9859904584915663,
      0.00476484826923625
    ],
    [
      0.9630501392510735,
      0.013198767679219313,
      0.004418725864656131,
      0.0019150172321524123,
      0.01519906758246065,
      0.0022182823904380706
    ],
    [
      0.9687155767785092,
      0.008279480478434622,
      0.002438281972507008,
      0.002730972122437612,
      0.014723737874780974,
      0.003111950773330897
    ],
    [
      0.013838042360787547,
      0.051741888056739446,
      0.05951514200323927,
      0.02042805490777977,
      0.06220770375227168,
      0.7922691689191822
    ],
    [
      0.03894059917230464,
      0.3325967193863428,
      0.32881034084903377,
      0.03376511356513757,
      0.07456949420781372,
      0.1913177328193675
    ],
    [
      0.00694421919639124,
      0.010163450609372472,
      0.001916167660322453,
      0.0037609889968956635,
      0.9662124753092894,
      0.01100269822772873
    ],
    [
      0.966502769188975,
      0.00955658361379165,
      0.002880797153317101,
      0.0049375417581610645,
      0.01181682794903931,
      0.004305480336715559
    ],
    [
      0.9390903767933887,
      0.03142078509602084,
      0.008160425703236046,
      0.0019286020310416738,
      0.01581379487719594,
      0.003586015499117061
    ],
    [
      0.9772359492514797,
      0.007632558221534705,
      0.0028748600791936676,
      0.0019533532768330956,
      0.006066016126982704,
      0.004237263043976033
    ],
    [
      0.9147387428894621,
      0.01714299010948187,
      0.0066432035959897336,
      0.009516841983525886,
      0.044809700891344326,
      0.0071485205301959195
    ],
    [
      0.0033933432091727126,
      0.001232468774287521,
      0.002606523212577315,
      0.9567433916478693,
      0.004959951217995431,
      0.03106432193809776
    ],
    [
      0.03213347991295814,
      0.039010005469837225,
      0.07285583872358449,
      0.05021671434370925,
      0.11464347110734124,
      0.6911404904425695
    ],
    [
      0.9953860185620227,
      0.000360385414740489,
      5.781349812625243e-05,
      0.0021544601813680685,
      0.0008240482440259009,
      0.0012172740997164451
    ],
    [
      0.9787968076837967,
      0.003571684307766102,
      0.0003723277531648419,
      0.005309749964974124,
      0.00946546342849976,
      0.002483966861798317
    ],
    [
      0.9929922156046165,
      0.001068406740641164,
      0.000607093654007559,
      0.0010533847530200516,
      0.002567511850963863,
      0.0017113873967509474
    ],
    [
      0.8214825599555092,
      0.07858689294073208,
      0.03498757076562127,
      0.004786791943716395,
      0.05429717973312713,
      0.005859004661293733
    ],
    [
      0.0005520308931117268,
      0.0021637287333963764,
      0.011687641254583322,
      0.0012177762604073288,
      0.002017412781269215,
      0.9823614100772321
    ],
    [
      0.8883937182229221,
      0.07360481862551631,
      0.008254689491153044,
      0.003722114453694231,
      0.022719044505078768,
      0.003305614701635871
    ],
    [
      0.8005135852569554,
      0.06101349421754119,
      0.009269906382734805,
      0.025430161829684703,
      0.07007397785050573,
      0.03369887446257845
    ],
    [
      0.0024918659699377636,
      0.0018865891265936756,
      0.003156357486644537,
      0.9870540790492078,
      0.0018467540412053446,
      0.003564354326410854
    ],
    [
      0.00047768234161712,
      0.0020225719995148952,
      0.008471923593657931,
      0.0016752181550336639,
      0.0014678071321970424,
      0.9858847967779794
    ],
    [
      0.00676937317888833,
      0.3309188493515838,
      0.644573927357069,
      0.0025942466376111858,
      0.008307383679235003,
      0.006836219795612822
    ],
    [
      0.946454255214643,
      0.01114011128837129,
      0.0037468074330157686,
      0.006477229265319655,
      0.022335529129968924,
      0.009846067668681608
    ],
    [
      0.9503152700043733,
      0.01815077038051913,
      0.0033403454908220247,
      0.0015408941662624384,
      0.025185094474766603,
      0.001467625483256258
    ],
    [
      0.0042431446848987305,
      0.015112799162281542,
      0.044661545571270035,
      0.0062921967238959335,
      0.016822086528642866,
      0.912868227329011
    ],
    [
      0.8925595493044438,
      0.018585847427254776,
      0.003642557393152355,
      0.013842253973189812,
      0.060962829225425674,
      0.01040696267653371
    ],
    [
      0.7692656012991763,
      0.05263513788629381,
      0.012529701390403571,
      0.018736703100277398,
      0.12900603236314523,
      0.017826823960703644
    ],
    [
      0.9470527069168154,
      0.027223894652948038,
      0.006910339599857914,
      0.0022439527339500388,
      0.011780571749322762,
      0.004788534347105907
    ],
    [
      0.9415917983434711,
      0.0033791179699996727,
      0.0008101806158189136,
      0.016171371963230208,
      0.02632049377165352,
      0.011727037335826761
    ],
    [
      0.971410535333104,
      0.006895761199928619,
      0.0015316385548491403,
      0.005265988582708776,
      0.008961693145035894,
      0.005934383184373716
    ],
    [
      0.9525218970809617,
      0.005713193330565511,
      0.0010419188857367155,
      0.0024681780268287113,
      0.03689604346774418,
      0.0013587692081631886
    ],
    [
      0.8642548419271023,
      0.04215117228851249,
      0.009923456772778195,
      0.01068827009870768,
      0.05569299028938752,
      0.017289268623511572
    ],
    [
      0.9089411481838399,
      0.014368347449356868,
      0.003284333985106623,
      0.006710212610551711,
      0.060702327984158345,
      0.005993629786986351
    ],
    [
      0.8789457819415808,
      0.032920364150517606,
      0.010367619600659605,
      0.012413460646824252,
      0.05118065200572877,
      0.014172121654688953
    ],
    [
      0.0021204449278553984,
      0.00859731701428768,
      0.03390517920653641,
      0.007255576352309207,
      0.0066630380430743276,
      0.9414584444559371
    ],
    [
      0.9876133473560945,
      0.00463915360971235,
      0.001661115376466313,
      0.0015870449294574111,
      0.0030946791727477687,
      0.0014046595555215276
    ],
    [
      0.006141135336756849,
      0.024696209764325024,
      0.07456924190700968,
      0.019703589396896554,
      0.03143346772637729,
      0.8434563558686345
    ],
    [
      0.9679608664683288,
      0.006249866277683476,
      0.008523204673421096,
      0.0016739163077696647,
      0.014223223736682908,
      0.0013689225361142878
    ],
    [
      0.982278995288645,
      0.0032032938308664,
      0.000982382558848718,
      0.004224139302892996,
      0.005449809840787621,
      0.0038613791779591694
    ],
    [
      0.9730467083796379,
      0.003050484919613742,
      0.00019961557340498153,
      0.0031693118793280563,
      0.016454528668029912,
      0.004079350579985345
    ],
    [
      0.8188628443567028,
      0.09045932347255768,
      0.04133720797275024,
      0.005481380941840938,
      0.021204285849362233,
      0.022654957406786115
    ],
    [
      0.9793693504069627,
      0.0032814717924836458,
      0.0009074510894753825,
      0.004404368673594751,
      0.008905611865476755,
      0.0031317461720068505
    ],
    [
      0.9819403241983294,
      0.006310652750793648,
      0.0013089979306183303,
      0.00209666399170548,
      0.005692785158110923,
      0.002650575970442236
    ],
    [
      0.0002586849016211469,
      0.008286826165547463,
      0.016240456714208158,
      0.0010944923938784878,
      0.004059036481868273,
      0.9700605033428764
    ],
    [
      0.9926375534188532,
      0.002758793267736008,
      0.0007863712267055897,
      0.0012577517879801732,
      0.0012787931196495152,
      0.0012807371790753276
    ],
    [
      0.933898337431831,
      0.008540283588602699,
      0.0028015081698256304,
      0.015497571247232588,
      0.031075790128665015,
      0.008186509433842836
    ],
    [
      0.004171371326453189,
      0.0023241986708752594,
      0.0003304256897144584,
      0.0030195978825518564,
      0.9849424565318103,
      0.005211949898594735
    ],
    [
      0.9752938968904392,
      0.004479456218401011,
      0.0006766273210251831,
      0.00292117186106651,
      0.015486885720022563,
      0.0011419619890455006
    ],
    [
      0.9919189487263971,
      0.0032266513592277913,
      0.001011881369256851,
      0.0010890992430278496,
      0.001630892506217941,
      0.001122526795872446
    ],
    [
      0.0020222267149096864,
      0.07402466138080142,
      0.9138612970749606,
      0.0013170956107864263,
      0.005665199458768806,
      0.003109519759772954
    ],
    [
      0.9376860422403902,
      0.022699398056067684,
      0.00801895325750986,
      0.0030728741464912126,
      0.024831233995459973,
      0.0036914983040811063
    ],
    [
      0.9919823357417438,
      0.0013566735433682216,
      0.00038900568706871826,
      0.0016899697649707963,
      0.0030476850971583305,
      0.0015343301656900268
    ],
    [
      0.930145851957582,
      0.015841146689384578,
      0.002238521191415541,
      0.0023843799679339767,
      0.042970686215299196,
      0.006419413978384746
    ],
    [
      0.0005602214462731764,
      0.009880063424171805,
