{
  "model_name": "ensemble_mlp",
  "fold_metrics": [
    {
      "fold": 1,
      "train_macro_f1": 0.99,
      "val_macro_f1": 0.9236
    },
    {
      "fold": 2,
      "train_macro_f1": 0.9961,
      "val_macro_f1": 0.9312
    },
    {
      "fold": 3,
      "train_macro_f1": 0.998,
      "val_macro_f1": 0.9337
    },
    {
      "fold": 4,
      "train_macro_f1": 0.9942,
      "val_macro_f1": 0.9634
    },
    {
      "fold": 5,
      "train_macro_f1": 0.9957,
      "val_macro_f1": 0.9008
    }
  ],
  "summary": {
    "mean_val_macro_f1": 0.9305,
    "std_val_macro_f1": 0.0201,
    "mean_train_macro_f1": 0.9948,
    "mean_overfit_gap": 0.0643,
    "fold_val_f1s": [
      0.9236,
      0.9312,
      0.9337,
      0.9634,
      0.9008
    ],
    "fold_train_f1s": [
      0.99,
      0.9961,
      0.998,
      0.9942,
      0.9957
    ]
  },
  "oof_metrics": {
    "macro_f1": 0.9314,
    "accuracy": 0.9804,
    "per_class_f1": {
      "Human": 0.9984,
      "DeepSeek": 0.7297,
      "Grok": 0.8822,
      "Claude": 0.9937,
      "Gemini": 0.9937,
      "ChatGPT": 0.9906
    }
  },
  "oof_classification_report": "              precision    recall  f1-score   support\n\n       Human       1.00      1.00      1.00      1520\n    DeepSeek       0.79      0.68      0.73        80\n        Grok       0.85      0.91      0.88       160\n      Claude       1.00      0.99      0.99        80\n      Gemini       1.00      0.99      0.99       240\n     ChatGPT       0.99      0.99      0.99       320\n\n    accuracy                           0.98      2400\n   macro avg       0.94      0.93      0.93      2400\nweighted avg       0.98      0.98      0.98      2400\n",
  "oof_proba": [
    [
      0.9787430253687409,
      0.0034798874519939137,
      0.00047291472606093035,
      0.0032195253901328366,
      0.011701560569635382,
      0.0023830864934360554
    ],
    [
      0.0075369047328971836,
      0.8063044264260473,
      0.17885908544799753,
      0.0005362037205127581,
      0.005050500856413276,
      0.0017128788161318775
    ],
    [
      0.9605312401845394,
      0.004394295588661467,
      0.00457497115888669,
      0.004771093232427569,
      0.020320807302757246,
      0.005407592532727767
    ],
    [
      0.00885831436616042,
      0.003869608486962845,
      0.0036365214071601088,
      0.9754704514453911,
      0.004340227717285326,
      0.0038248765770402663
    ],
    [
      0.9640271253850283,
      0.001156697692717093,
      0.0006380360677779821,
      0.01108332152135743,
      0.02160114808999227,
      0.0014936712431269919
    ],
    [
      0.024220657642823558,
      0.5036522428387737,
      0.4355063918266877,
      0.0081738160130847,
      0.020856554359597684,
      0.007590337319032612
    ],
    [
      0.9799175278749589,
      0.008049188039786914,
      0.0034533576088530485,
      0.002621726202201596,
      0.004052130443258763,
      0.0019060698309406497
    ],
    [
      0.014685471923604716,
      0.017885081439338237,
      0.03338103559349653,
      0.011466302385839929,
      0.04637668560856288,
      0.8762054230491578
    ],
    [
      0.8752079045395631,
      0.012563889702840423,
      0.012872971444565288,
      0.018198544759280608,
      0.0672049850022754,
      0.013951704551474988
    ],
    [
      0.9693873139057141,
      0.008532329328037018,
      0.0019265640923311418,
      0.0036644443008452075,
      0.013007112158486232,
      0.003482236214586325
    ],
    [
      0.00062646591793301,
      0.42299938178455376,
      0.5714559982901228,
      0.0005752524726080994,
      0.0013659763200822989,
      0.0029769252146999623
    ],
    [
      0.002898518547913266,
      0.8787621649928448,
      0.11377782412749704,
      0.0011882831690550632,
      0.0027890013883012568,
      0.0005842077743885971
    ],
    [
      0.0035421580435039423,
      0.1596763479913163,
      0.8221002004409037,
      0.0005242403801347598,
      0.013674528957832341,
      0.000482524186308942
    ],
    [
      0.0020159128021856386,
      0.0008626880484699918,
      0.0014062920520996763,
      0.9935187729081963,
      0.0005854060636232838,
      0.0016109281254251576
    ],
    [
      0.015558733276690126,
      0.032269834731492156,
      0.03305964361077323,
      0.011894855847688566,
      0.03874672398089438,
      0.8684702085524616
    ],
    [
      0.9781897595172953,
      0.003507960719993413,
      0.0009365667670162291,
      0.00212358326497691,
      0.014039540973729064,
      0.0012025887569890757
    ],
    [
      0.0005703556719125627,
      0.002447234033446827,
      0.005315055223524622,
      0.0015082937161688956,
      0.0016175442476976222,
      0.9885415171072496
    ],
    [
      0.9496944515783154,
      0.0064906202323370904,
      0.006415028938450067,
      0.008586419501909562,
      0.02102795849695312,
      0.007785521252034694
    ],
    [
      0.9568365574384214,
      0.007687493533875247,
      0.0028891005122166098,
      0.005086731774613897,
      0.022440682469356765,
      0.005059434271516087
    ],
    [
      0.0033690852182296158,
      0.9053178588697401,
      0.07520930280069921,
      0.00042072165664318675,
      0.01408325227574085,
      0.0015997791789469468
    ],
    [
      0.967565094884149,
      0.02455725307353286,
      0.004107467715070606,
      0.0004888077205873117,
      0.0027229833095927976,
      0.0005583932970674004
    ],
    [
      0.6350607723455141,
      0.07638983930594344,
      0.09628155316222003,
      0.02874146898416546,
      0.1005073802558562,
      0.06301898594630082
    ],
    [
      0.0005479534955002012,
      0.005603328736845929,
      0.012379548471977397,
      0.0020393104043627177,
      0.0021429494261936835,
      0.97728690946512
    ],
    [
      0.9816801923935141,
      0.003148193341634497,
      0.00181742996317551,
      0.0017486198395437519,
      0.010472531531111644,
      0.0011330329310204137
    ],
    [
      0.2020887294197281,
      0.05559476635807678,
      0.028175343335879267,
      0.0993987319718545,
      0.17337611665821373,
      0.4413663122562477
    ],
    [
      0.0064856221053953824,
      0.001704722142163409,
      0.0002320564502466688,
      0.006437043944899788,
      0.9782124373758884,
      0.006928117981406471
    ],
    [
      0.9862941787247199,
      0.006874263797797456,
      0.0023925392706574985,
      0.000905862682035179,
      0.0021364459685647512,
      0.00139670955622535
    ],
    [
      0.002471334984243868,
      0.012682988184888304,
      0.02007312985237367,
      0.0064261985343998605,
      0.012914338251971953,
      0.9454320101921224
    ],
    [
      0.9699232058825706,
      0.00554676724011206,
      0.00365700902341105,
      0.00476088133979752,
      0.01117409685331952,
      0.004938039660789336
    ],
    [
      0.0015491132116252616,
      0.00339801978914654,
      0.0024083215362461228,
      0.9791365224762951,
      0.007035963425777307,
      0.006472059560909519
    ],
    [
      0.9671623750273544,
      0.002513685169356075,
      0.0019522629215472118,
      0.0035446012492277397,
      0.021599743864162985,
      0.0032273317683515265
    ],
    [
      0.88363586959313,
      0.017802756284233705,
      0.011620846822028774,
      0.013698637914549186,
      0.062282998217471464,
      0.010958891168586914
    ],
    [
      0.9380781107578979,
      0.007676142281425477,
      0.0019457546114852186,
      0.001212101387731265,
      0.04876689957612709,
      0.0023209913853329874
    ],
    [
      0.887763502842777,
      0.026358497631132783,
      0.010482260849888606,
      0.006313503410038758,
      0.05903092763171201,
      0.010051307634450894
    ],
    [
      0.8692235355170774,
      0.03515980623708867,
      0.010224361520282403,
      0.0024213118016112845,
      0.071383439818423,
      0.011587545105517136
    ],
    [
      0.9546064582980884,
      0.003641600843712936,
      0.0016799424409404628,
      0.00950980301676364,
      0.025673195125492564,
      0.004889000275002019
    ],
    [
      0.0004169635171772087,
      0.002099463104561902,
      0.012379147393701813,
      0.0017105907024823359,
      0.0009206080114917939,
      0.982473227270585
    ],
    [
      0.5146562979944349,
      0.21292381655606127,
      0.13258582780600517,
      0.02004041194533672,
      0.07008721947676473,
      0.049706426221397065
    ],
    [
      0.007990049597524492,
      0.0018645758525945078,
      0.00022177756094839487,
      0.008119976612729642,
      0.9733143500464401,
      0.008489270329762953
    ],
    [
      0.00730993549206852,
      0.6268891526210159,
      0.36239699921516705,
      0.0007521445592497812,
      0.002016622216894791,
      0.0006351458956039745
    ],
    [
      0.9308391275235997,
      0.00628353674626239,
      0.004838037616089623,
      0.02504228544606214,
      0.02641590658350366,
      0.006581106084482572
    ],
    [
      0.00897944088070216,
      0.00130344752086032,
      0.0006124065407293159,
      0.004287080277973958,
      0.9790945361730219,
      0.005723088606712307
    ],
    [
      0.003055576224682631,
      0.06143495428083408,
      0.9287341090956085,
      0.0004443998045886936,
      0.0011674854965963877,
      0.005163475097689649
    ],
    [
      0.9868690753912965,
      0.0035798771912799385,
      0.0013208761822930911,
      0.0024256346798353233,
      0.0035880704361165735,
      0.0022164661191785167
    ],
    [
      0.0052630805264988825,
      0.019650216052320806,
      0.002871951800321026,
      0.0026582743070581506,
      0.9548503678148053,
      0.014706109498995796
    ],
    [
      0.9172099160541021,
      0.0241666644847585,
      0.028563910059291264,
      0.005244048055727265,
      0.012051013961694515,
      0.012764447384426421
    ],
    [
      0.9770674363361292,
      0.00013114829098902924,
      7.421680944968857e-06,
      0.019965512878884078,
      0.0012709486018491003,
      0.0015575322112037803
    ],
    [
      0.06389777025987864,
      0.13533282063575086,
      0.042076613726184015,
      0.04133162218686756,
      0.6434461593525765,
      0.07391501383874241
    ],
    [
      0.9940255930114361,
      7.964101642461407e-05,
      8.971233488524345e-06,
      0.0042272065799459834,
      0.0008882447461080699,
      0.0007703434125966812
    ],
    [
      0.000878547080645345,
      0.886414943950397,
      0.1064467467781742,
      0.00038772676327692687,
      0.005199444405115975,
      0.0006725910223904909
    ],
    [
      0.8907848951169399,
      0.033274148100267485,
      0.0535249270477336,
      0.0021017821020277174,
      0.017401149070656794,
      0.0029130985623744506
    ],
    [
      0.9634018159090723,
      0.021317031684427834,
      0.006967973792399334,
      0.0014191213141695736,
      0.005955159438757488,
      0.000938897861173518
    ],
    [
      0.8794431370159013,
      0.027573152977810992,
      0.022561640806557398,
      0.01118641374215,
      0.046051775994343236,
      0.01318387946323721
    ],
    [
      0.906738246596812,
      0.04929810591728614,
      0.02954257560795061,
      0.0014718578297852523,
      0.009678282788966548,
      0.003270931259199338
    ],
    [
      0.9913221860993198,
      0.0029460958358089877,
      0.00041100902729653986,
      0.0011580085898648983,
      0.003428016792739587,
      0.000734683654970322
    ],
    [
      0.9567631983518955,
      0.016271167502396718,
      0.01359320748629133,
      0.0028159200940134138,
      0.007063007463520837,
      0.0034934991018822077
    ],
    [
      0.9468637463970144,
      0.01330715713404869,
      0.006723178143944619,
      0.002900977403908336,
      0.02529750288057484,
      0.004907438040508842
    ],
    [
      0.9981231293113668,
      0.0005693880398872001,
      0.00012622584322317945,
      0.00046869154319952256,
      0.00041128020498900616,
      0.0003012850573342056
    ],
    [
      0.9880187968449919,
      0.0018014988714924113,
      0.0006789029728005451,
      0.001019775579072398,
      0.006716020079706927,
      0.0017650056519358955
    ],
    [
      0.033897667262565,
      0.0702637218582823,
      0.06246145132246629,
      0.00894585131832364,
      0.7731034166717303,
      0.05132789156663253
    ],
    [
      0.9411500309813459,
      0.007849820000792922,
      0.00639380743673423,
      0.0027730519007334426,
      0.03781526221878991,
      0.004018027461603886
    ],
    [
      0.9958727066528807,
      0.0009541240832844555,
      0.0003577131007202056,
      0.0005735432099205406,
      0.0016759860169280527,
      0.0005659269362662178
    ],
    [
      0.9309679393035291,
      0.01723354345265606,
      0.008088082985992793,
      0.004381156650415062,
      0.03364535406022371,
      0.005683923547183305
    ],
    [
      0.9850521088108877,
      0.0011239553349724147,
      0.0020619113122485253,
      0.004770367744170664,
      0.0051439667525317355,
      0.0018476900451891523
    ],
    [
      0.0030976386839833064,
      0.020513490459226527,
      0.9207357847415556,
      0.00679353895827789,
      0.0069476266633563275,
      0.041911920493600326
    ],
    [
      0.9916416260874046,
      0.0010192948825469197,
      0.0003191680252890138,
      0.0008977598075223244,
      0.0050667721237432324,
      0.0010553790734939366
    ],
    [
      0.990548531804724,
      0.002187028693190235,
      0.0002962065065615659,
      0.0013185413525049292,
      0.0033427517943601897,
      0.002306939848658856
    ],
    [
      0.0068422515822078,
      0.0025730944040456834,
      0.0010117872911264592,
      0.004575048688000407,
      0.9757725552428482,
      0.00922526279177152
    ],
    [
      0.9933424004463804,
      0.0007492621627937158,
      0.0002761223415500852,
      0.0007263003167270174,
      0.004570038350604047,
      0.0003358763819445166
    ],
    [
      0.0014356912675276298,
      0.0005866109680074622,
      0.0010917379252313186,
      0.9952413233179475,
      0.0005839912406193119,
      0.0010606452806668598
    ],
    [
      0.9638533052181129,
      0.012421168987223985,
      0.0016163579948032323,
      0.0012097372473128193,
      0.019827737745629105,
      0.0010716928069180187
    ],
    [
      0.9882811832618454,
      0.0011613219777557356,
      0.00029405655155574715,
      0.002351143383090252,
      0.005508611479843404,
      0.002403683345909486
    ],
    [
      0.9395045879995851,
      0.004836751909952348,
      0.004293671620351462,
      0.003693064112494438,
      0.043475276387347675,
      0.004196647970269021
    ],
    [
      0.9159092138785201,
      0.012762864640702722,
      0.006128333900422474,
      0.0024743100580523186,
      0.05795779308731988,
      0.004767484434982549
    ],
    [
      0.9480753394316297,
      0.011092733669030566,
      0.0022921916831046417,
      0.00857634542283819,
      0.016997762229886096,
      0.012965627563510669
    ],
    [
      0.8141442988112679,
      0.07136789746645546,
      0.059010325506802346,
      0.005332060390473311,
      0.03815331782675281,
      0.011992099998248195
    ],
    [
      0.996699571507337,
      0.0014970764632781656,
      0.0003642276512615685,
      0.0004359522426818336,
      0.0006555971665694352,
      0.00034757496887191517
    ],
    [
      0.004538723434001342,
      0.021192530787006444,
      0.009032808681582719,
      0.0017307975096934225,
      0.9559056582652246,
      0.007599481322491541
    ],
    [
      0.0012414520460506068,
      0.0022180387201888706,
      0.014531516872573303,
      0.001753919450933975,
      0.002906225537019319,
      0.977348847373234
    ],
    [
      0.8707261861258316,
      0.01624685547726686,
      0.01595337777516585,
      0.024050314372707708,
      0.05170363881556554,
      0.021319627433462468
    ],
    [
      0.9326856410108263,
      0.020155698887405704,
      0.011469634708613013,
      0.0015402617696839117,
      0.03040635736761834,
      0.003742406255852668
    ],
    [
      0.9905426557058876,
      0.0014694829554209486,
      0.000532463465849568,
      0.000939047806987241,
      0.005871351253850344,
      0.0006449988120043128
    ],
    [
      0.04142827663462575,
      0.08779977221630406,
      0.02737952158341597,
      0.006542090440225952,
      0.7980560918496206,
      0.03879424727580771
    ],
    [
      0.9789473653084904,
      0.014375400290550252,
      0.001124363863731859,
      0.000770126485395222,
      0.003885268575650131,
      0.0008974754761821267
    ],
    [
      0.8286477929051862,
      0.04864346817349309,
      0.037923275591958516,
      0.017283522582570227,
      0.034954947486511505,
      0.0325469932602807
    ],
    [
      0.9515314807962004,
      0.01419001412129929,
      0.016265966824424997,
      0.0026705062260240784,
      0.011046385867944068,
      0.004295646164107169
    ],
    [
      0.0003013324965785536,
      0.004130699875625834,
      0.007919310240908039,
      0.0007952859872972667,
      0.0034281728691833223,
      0.983425198530407
    ],
    [
      0.838833258540574,
      0.019610709121602343,
      0.020678875487061262,
      0.01882249120074979,
      0.08074508478261884,
      0.021309580867393874
    ],
    [
      0.9984117240042254,
      0.00048501043062538937,
      9.345794912417722e-05,
      0.00030994434966858964,
      0.00033823386344565266,
      0.0003616294029108686
    ],
    [
      0.987835920829792,
      0.004545130507653433,
      0.0012169553501707646,
      0.0013306019906881702,
      0.0029054876329704456,
      0.0021659036887253127
    ],
    [
      0.9724353824781664,
      0.006250886694290898,
      0.002826491392540926,
      0.003895369724917576,
      0.012136408401471436,
      0.0024554613086126414
    ],
    [
      0.9846602712760901,
      0.005681954950943952,
      0.0030111383726664576,
      0.0015137131939236086,
      0.0027918390965630015,
      0.0023410831098129928
    ],
    [
      0.0068791052356757185,
      0.30841913172876567,
      0.6706057808450148,
      0.006319986519777842,
      0.006339266913689308,
      0.0014367287570767203
    ],
    [
      0.04351109924372799,
      0.11402672257647903,
      0.5906025617416346,
      0.029477928574076287,
      0.02609695309318913,
      0.196284734770893
    ],
    [
      0.0019270945606624627,
      0.0012316190711488132,
      0.00013413954986477995,
      0.001804789838217919,
      0.9913166216620355,
      0.0035857353180705786
    ],
    [
      0.8946275108268811,
      0.03165857819228703,
      0.03169041836352368,
      0.010187410042391891,
      0.015152687161646767,
      0.016683395413269415
    ],
    [
      0.6638843363823902,
      0.09447613132384616,
      0.049837449172591225,
      0.015039551062560729,
      0.14398525188574757,
      0.032777280172864284
    ],
    [
      0.0002069165487638035,
      0.004082426344446944,
      0.008152349647604626,
      0.0007522337106128086,
      0.001811656427217718,
      0.9849944173213541
    ],
    [
      0.11745920723250562,
      0.3850110131633018,
      0.2520273347927422,
      0.027677455042741758,
      0.12821317265631516,
      0.08961181711239363
    ],
    [
      0.0011088963894541955,
      0.0040155359896592805,
      0.019585422298731742,
      0.004654035974514218,
      0.007615332983282664,
      0.9630207763643579
    ],
    [
      0.8224371980645394,
      0.028684498160858243,
      0.010296572584799941,
      0.01010880314749659,
      0.11485737400889454,
      0.013615554033411146
    ],
    [
      0.989230532463977,
      0.0008537208137045732,
      0.00013384342621678615,
      0.0014185969391202194,
      0.007729386673935983,
      0.0006339196830456695
    ],
    [
      0.9957423412700671,
      0.0006182054917494218,
      0.00030099486677366154,
      0.0013269732417002245,
      0.001169218050493921,
      0.000842267079215729
    ],
    [
      0.007590646865744656,
      0.001658608391391837,
      0.0004987037122183332,
      0.006774807789365512,
      0.97556506486152,
      0.007912168379759714
    ],
    [
      0.9834202023303159,
      0.002817454801593665,
      0.010092750380818711,
      0.00036509724346441084,
      0.0029312757269274346,
      0.0003732195168797001
    ],
    [
      0.9769853632770005,
      0.0037758599297382225,
      0.0004703050032570084,
      0.007191311646723891,
      0.008137612956878471,
      0.0034395471864019198
    ],
    [
      0.9715182875422558,
      0.003699249106124336,
      0.005103203021420862,
      0.009279324686256108,
      0.00563549728105086,
      0.004764438362892024
    ],
    [
      0.9873324204763901,
      0.003009519599928213,
      0.002673976744427897,
      0.0018380828812103347,
      0.0034349735241359816,
      0.001711026773907367
    ],
    [
      0.9845618198168002,
      0.0022609699045466397,
      0.0017312023810296593,
      0.001345815218142369,
      0.009200479419457862,
      0.0008997132600230874
    ],
    [
      0.9913178019239695,
      0.002045366112526131,
      0.0005505594851692009,
      0.0009052029999467106,
      0.003978583998243543,
      0.0012024854801448224
    ],
    [
      0.878292885309392,
      0.0368353336015749,
      0.04089303790845755,
      0.004440003092002649,
      0.023962590443612534,
      0.015576149644960327
    ],
    [
      0.02826347303504318,
      0.02814599166134936,
      0.041164242071976484,
      0.014144362714362166,
      0.05268941031159087,
      0.8355925202056779
    ],
    [
      0.006284106133554075,
      0.002051972408154086,
      0.0005203027356024396,
      0.0045990235924148306,
      0.9775043615198205,
      0.009040233610454095
    ],
    [
      0.9548490085070873,
      0.008726401338908321,
      0.00918174682180076,
      0.006617676299697216,
      0.013383403495585654,
      0.007241763536920555
    ],
    [
      0.9862455903777874,
      0.00438244323642703,
      0.0006337035038716778,
      0.0015430693732214913,
      0.0057418066802983544,
      0.0014533868283941119
    ],
    [
      0.9758672738200054,
      0.004060129434136378,
      0.0011157161915024705,
      0.004480337999310819,
      0.007628645847292744,
      0.006847896707752204
    ],
    [
      0.06124246866252013,
      0.15181418172597239,
      0.028864282850955682,
      0.003322918679958458,
      0.7379388923352774,
      0.016817255745315778
    ],
    [
      0.0005815723207588399,
      0.0017517428683165726,
      0.009574691372617957,
      0.0016762850688793317,
      0.0019425989380009005,
      0.9844731094314265
    ],
    [
      0.000383681710203796,
      0.00146719965120635,
      0.005835353200172145,
      0.0012377266041670248,
      0.0012053678096662988,
      0.9898706710245844
    ],
    [
      0.0023574764935122314,
      0.8474263163575804,
      0.1476055245526177,
      0.0008152339709564358,
      0.0012369045147003707,
      0.0005585441106329247
    ],
    [
      0.9931502885765393,
      0.0015932868340638976,
      0.0008105959891551801,
      0.0007585194124347124,
      0.003003194001763136,
      0.0006841151860438032
    ],
    [
      0.00037221591216324496,
      0.0037432687929065712,
      0.007718701976556994,
      0.0011295089053975612,
      0.0009178416767814516,
      0.9861184627361941
    ],
    [
      0.822245437836528,
      0.04968955361845378,
      0.04742912646818222,
      0.01780902822729163,
      0.03368399040753224,
      0.02914286344201206
    ],
    [
      0.9678845818116437,
      0.007123011693983784,
      0.014279207766269335,
      0.0022226095453304943,
      0.0028185637494206922,
      0.005672025433351893
    ],
    [
      0.00015161116505341788,
      0.0012116236532420898,
      0.006329552895172699,
      0.000642891750662458,
      0.0006607428191849596,
      0.9910035777166843
    ],
    [
      0.9535349013488507,
      0.00800301766486393,
      0.00552127105255572,
      0.0045406900462090895,
      0.017635752567224883,
      0.010764367320295716
    ],
    [
      0.9884685203142217,
      0.0017553339040155239,
      0.0005191494740263988,
      0.002939182518940393,
      0.003647306053902991,
      0.0026705077348930673
    ],
    [
      0.983152436379679,
      0.0023732727934744663,
      0.0006614988627648066,
      0.005178452786970003,
      0.0061678009323946695,
      0.002466538244717126
    ],
    [
      0.99153344945992,
      0.001403924614526521,
      0.00010209598145164178,
      0.0018873835588987119,
      0.003056214764244919,
      0.002016931620958207
    ],
    [
      0.00038352393804500884,
      0.0056538789447009,
      0.03669695505284339,
      0.0013626774803443208,
      0.004874277424841001,
      0.9510286871592254
    ],
    [
      0.9872772053627935,
      0.0030243516806255483,
      0.00041427278311154955,
      0.0012534553301560554,
      0.006599788239052962,
      0.0014309266042603843
    ],
    [
      0.0013078521046956974,
      0.08484436446470753,
      0.8958691211804896,
      0.001035486174357463,
      0.002562570474270954,
      0.014380605601478849
    ],
    [
      0.9785978942670983,
      0.004661809850705823,
      0.0019743246019452727,
      0.003389803739410833,
      0.009348001062510863,
      0.002028166478329078
    ],
    [
      0.9193617698899105,
      0.009690305669798095,
      0.004764823510465069,
      0.007735952883812141,
      0.05074837188784598,
      0.007698776158168339
    ],
    [
      0.9973737398416826,
      0.0006424672068493274,
      0.00015544972580137814,
      0.000680947563848247,
      0.0008910151465855142,
      0.0002563805152327998
    ],
    [
      0.0003511013075340334,
      0.004995032347765536,
      0.006624528768401524,
      0.0008437458669608373,
      0.002639592587086289,
      0.9845459991222518
    ],
    [
      0.985118516645781,
      0.003101925324139006,
      0.0008388202090705782,
      0.002852913162578707,
      0.006314021966787492,
      0.001773802691643282
    ],
    [
      0.9920786205338779,
      0.0016801518879727,
      0.0003720695820811156,
      0.0016973306070189602,
      0.0024790434442525933,
      0.001692783944796823
    ],
    [
      0.007462220270157308,
      0.001928502554598676,
      0.0006966451046195923,
      0.003086566754256595,
      0.9798006675200759,
      0.007025397796291972
    ],
    [
      0.9753715006152064,
      0.003748525106256127,
      0.0007886934479881478,
      0.003147934913413006,
      0.013575011864598398,
      0.003368334052537892
    ],
    [
      0.002153143399808568,
      0.004192491784269693,
      0.029667384500683215,
      0.0023666108429794366,
      0.003513840530608853,
      0.9581065289416503
    ],
    [
      0.9949712282480305,
      0.0013031649590429335,
      0.00020507167591672572,
      0.0012404902625572905,
      0.0016046543824145055,
      0.0006753904720378967
    ],
    [
      0.8372472136122859,
      0.027338818864114843,
      0.020020492762864852,
      0.013378041405391693,
      0.08153569827219105,
      0.020479735083151457
    ],
    [
      0.9167150016339197,
      0.011760343674076693,
      0.010800938504904326,
      0.01137244852841255,
      0.03900436336961834,
      0.010346904289068306
    ],
    [
      0.9898811132468872,
      0.002094846093926711,
      0.0005605598073990063,
      0.0012699799754876953,
      0.0041086427798199075,
      0.002084858096479575
    ],
    [
      0.9811780074313574,
      0.0019117729260562974,
      0.00038666113817413495,
      0.0019960954582921397,
      0.01303789268162687,
      0.0014895703644929898
    ],
    [
      0.9494771545159565,
      0.01246742168528906,
      0.008352765541938062,
      0.004041869022437508,
      0.01776069740739375,
      0.007900091826985046
    ],
    [
      0.9528644745379611,
      0.004583505459765497,
      0.005331797684654079,
      0.015919891701476598,
      0.01664100413857224,
      0.004659326477570433
    ],
    [
      0.9736891591386658,
      0.00649011599284052,
      0.001379279919460024,
      0.003810110785347353,
      0.012453723647638146,
      0.0021776105160480163
    ],
    [
      0.8548492291792869,
      0.025923898528066938,
      0.03155507118096633,
      0.016023318761209594,
      0.05094706328282075,
      0.02070141906764957
    ],
    [
      0.996596895503975,
      0.0008554889701469375,
      0.00026605781308749977,
      0.0003556099603161699,
      0.0014784505529016642,
      0.0004474971995726396
    ],
    [
      0.023182954175811354,
      0.16657448475032438,
      0.7836359377746984,
      0.006194534432199901,
      0.008369158044998654,
      0.012042930821967243
    ],
    [
      0.008700781150638225,
      0.013408187706579295,
      0.034639748697070746,
      0.008087427021496674,
      0.013577862201714261,
      0.9215859932225008
    ],
    [
      0.9694325669241927,
      0.01027875927710123,
      0.0015092312710517938,
      0.0019291470636177738,
      0.014766835502622918,
      0.002083459961413722
    ],
    [
      0.997316077591134,
      0.00046035248661574165,
      0.0007235796437867581,
      5.079459113982187e-05,
      0.001316317579308226,
      0.00013287810801545423
    ],
    [
      0.9246616525203746,
      0.013532304443120386,
      0.008997441003983218,
      0.010530437529450322,
      0.0360072137982648,
      0.006270950704806648
    ],
    [
      0.5250187088739776,
      0.2098786919714187,
      0.1361290075177412,
      0.012240129716586673,
      0.07390747612885887,
      0.0428259857914171
    ],
    [
      0.002546750960286807,
      0.005601581913579869,
      0.001340136915200508,
      0.0034140159087630707,
      0.981267549552734,
      0.005829964749435703
    ],
    [
      0.9813372475382787,
      0.0028108224152573434,
      0.0010800557663680173,
      0.004887470897268015,
      0.0051858726879855516,
      0.004698530694842322
    ],
    [
      0.8511671398089964,
      0.04035235420463316,
      0.016829514874643778,
      0.009824698641727025,
      0.06001740825862702,
      0.021808884211372503
    ],
    [
      0.9906166335674498,
      0.005452252098721612,
      0.001216364097596249,
      0.0004880518443472684,
      0.0016885504728476601,
      0.0005381479190374774
    ],
    [
      0.0013841772021381958,
      0.0013186096221425626,
      0.00012629087191354854,
      0.00189892480350411,
      0.9928008866744443,
      0.0024711108258573897
    ],
    [
      0.8446109854093652,
      0.03597042610381259,
      0.030267567418977265,
      0.01971589228709945,
      0.046584570792408436,
      0.022850557988337086
    ],
    [
      0.9837722534699537,
      0.004254558286222779,
      0.0012700404478229337,
      0.001449182911017291,
      0.007646854346222147,
      0.0016071105387614282
    ],
    [
      0.007675956252289135,
      0.028042857420053843,
      0.033174835226680285,
      0.010793604798524212,
      0.03534372146236208,
      0.8849690248400903
    ],
    [
      0.06710479193109346,
      0.2839536145080451,
      0.30500586215764225,
      0.04711785036139125,
      0.09306300703353158,
      0.20375487400829634
    ],
    [
      0.020406889167709105,
      0.024677266748198336,
      0.007181778346135153,
      0.006526271510648916,
      0.9158770060568677,
      0.02533078817044069
    ],
    [
      0.8341665624020596,
      0.031825030150032727,
      0.03201640635176925,
      0.01957278323829964,
      0.06190425117910521,
      0.02051496667873353
    ],
    [
      0.9683178143114044,
      0.016189638276912957,
      0.004246845499809192,
      0.0010630859031570995,
      0.008270417276673964,
      0.0019121987320422618
    ],
    [
      0.9884764192017397,
      0.0038528774173221076,
      0.0014493568086094988,
      0.0010035651507081084,
      0.003082204671974854,
      0.0021355767496458373
    ],
    [
      0.9540916876343327,
      0.008870591635929782,
      0.003695592444907555,
      0.005165706274758718,
      0.02431547950741012,
      0.003860942502660986
    ],
    [
      0.001915023982284594,
      0.0006258483590532807,
      0.0013646822334297357,
      0.9764674798643209,
      0.0027008438917886773,
      0.016926121669122766
    ],
    [
      0.016709392237567417,
      0.019818416222530492,
      0.03898555316150546,
      0.026092697061721053,
      0.06264086906307167,
      0.8357530722536037
    ],
    [
      0.9975873652180709,
      0.00019110597951197444,
      3.4164190623366186e-05,
      0.001117871942887837,
      0.0004481342138784172,
      0.0006213584550272955
    ],
    [
      0.9887293999693085,
      0.0018517902526008453,
      0.00020927461044478897,
      0.002746520591222131,
      0.005163007831684454,
      0.001300006744738981
    ],
    [
      0.9891586017266787,
      0.0014256302672566669,
      0.0023181058404964207,
      0.001216346646549231,
      0.004047470038260559,
      0.0018338454807586275
    ],
    [
      0.6616891447423674,
      0.12112130761470899,
      0.08339000988745393,
      0.017933705354083562,
      0.08208546249004531,
      0.03378036991134073
    ],
    [
      0.001011371686179898,
      0.002456232094270714,
      0.013667316269235326,
      0.0011244284861044902,
      0.002618464295096147,
      0.9791221871691134
    ],
    [
      0.8587692308083243,
      0.0738881128463785,
      0.025161327759956744,
      0.005904224592584993,
      0.02933418130054015,
      0.006942922692215607
    ],
    [
      0.8887780268681711,
      0.03405744941337816,
      0.005576995668393487,
      0.013443483624380042,
      0.03924144062471096,
      0.01890260380096647
    ],
    [
      0.0014084052034853815,
      0.0009628284851836426,
      0.001640895239971488,
      0.9931795878989089,
      0.0009778055257276509,
      0.0018304776467229112
    ],
    [
      0.0009516125453279873,
      0.0025430943995718,
      0.012825899678926406,
      0.001344674783942236,
      0.0020031812849813898,
      0.9803315373072502
    ],
    [
      0.006145207177274301,
      0.2659139348560108,
      0.7130544775757528,
      0.00178768001825573,
      0.005028019468051464,
      0.008070680904654985
    ],
    [
      0.9714806633793499,
      0.005691026931763443,
      0.0020790982896290804,
      0.00341909030980432,
      0.0120638659984251,
      0.005266255091028258
    ],
    [
      0.9749399650734953,
      0.009158627333817037,
      0.0016810339096856367,
      0.000779997665438064,
      0.012703378955613461,
      0.000736997061950401
    ],
    [
      0.002204604893378354,
      0.007655779925785412,
      0.023983905150608074,
      0.0032016920285839264,
      0.00894438421907535,
      0.954009633782569
    ],
    [
      0.9454363275070172,
      0.009343519017225198,
      0.0018444909742335394,
      0.007263909336085063,
      0.03085018174071416,
      0.00526157142472497
    ],
    [
      0.7552161543668685,
      0.045769546021229054,
      0.02492321852854952,
      0.01747657499464955,
      0.1332046339087598,
      0.023409872179943565
    ],
    [
      0.9726775993192203,
      0.013914212394852124,
      0.003634771524193604,
      0.0011908819110983031,
      0.006057071992648733,
      0.0025254628579870863
    ],
    [
      0.9678945946102337,
      0.0017760569162557647,
      0.00043298910076669376,
      0.008789779916376087,
      0.014871173743272304,
      0.006235405713095569
    ],
    [
      0.9854966574051356,
      0.0034962065789858232,
      0.0007716467449922608,
      0.0026949710075572617,
      0.004554079212008108,
      0.0029864390513209367
    ],
    [
      0.9455721627713353,
      0.006630833402872863,
      0.004104181807447205,
      0.0027557147500303983,
      0.03855171423825707,
      0.0023853930300571395
    ],
    [
      0.9290282052596426,
      0.02160289622828155,
      0.005135055369400791,
      0.005531312678350871,
      0.02960312362453312,
      0.009099406839790969
    ],
    [
      0.9028035512190952,
      0.013719044232471094,
      0.008614758015784206,
      0.005733913732856841,
      0.06095214537676022,
      0.008176587423032448
    ],
    [
      0.755090700270168,
      0.05344581553967982,
      0.035694185946307015,
      0.022810876427687365,
      0.1021496526936487,
      0.030808769122508982
    ],
    [
      0.002551192526526994,
      0.006797661124863673,
      0.03006655573172596,
      0.004822611163573657,
      0.005577085948479653,
      0.95018489350483
    ],
    [
      0.993719387891103,
      0.002334117623984658,
      0.0008432473108091878,
      0.0008306673464521855,
      0.0015630568272720657,
      0.0007095230003789574
    ],
    [
      0.0030987574307725645,
      0.012375267237759323,
      0.03864633472498369,
      0.009956077793177443,
      0.01588736906349538,
      0.9200361937498116
    ],
    [
      0.9836030397097957,
      0.0031781097059924773,
      0.004406745510620294,
      0.0008857541947677478,
      0.007215056174163368,
      0.0007112947046605453
    ],
    [
      0.9908940059394247,
      0.0016284187477107422,
      0.0005305298488862687,
      0.002163995778072957,
      0.0028210805367794756,
      0.0019619691491259326
    ],
    [
      0.9856620832481477,
      0.0015987390541247933,
      0.0001066043281753296,
      0.001647853276582892,
      0.0088938393723479,
      0.002090880720621354
    ],
    [
      0.6663478588636378,
      0.11705845556490482,
      0.09315254420821156,
      0.020653937594323137,
      0.04465400091932104,
      0.05813320284960162
    ],
    [
      0.8884305018592253,
      0.018511505798162534,
      0.01366062156271955,
      0.025874068808484477,
      0.03802630530172596,
      0.0154969966696821
    ],
    [
      0.9906737319719097,
      0.003207708699818907,
      0.000677359412902339,
      0.0011380801584679721,
      0.0029441398516715403,
      0.0013589799052295035
    ],
    [
      0.00013221471370876444,
      0.00415806335467084,
      0.008292920563204572,
      0.0005602103434695317,
      0.002096529657916573,
      0.9847600613670298
    ],
    [
      0.9960544198929784,
      0.0014299917866443241,
      0.0004339362776230081,
      0.0007079255394547238,
      0.0006986605069170376,
      0.0006750659963823319
    ],
    [
      0.7983507604416058,
      0.026132811625487515,
      0.020078752859449614,
      0.03427985801300716,
      0.09358069165805201,
      0.027577125402397866
    ],
    [
      0.002163128987332039,
      0.0011846372981218181,
      0.00016584317965973668,
      0.0015267138604648381,
      0.99227986086473,
      0.002679815809691476
    ],
    [
      0.9869798378145123,
      0.002358458152836027,
      0.00038967271650113905,
      0.001497361543170363,
      0.008181883646600399,
      0.0005927861263797309
    ],
    [
      0.9812654122245597,
      0.004220860432244996,
      0.004891086112688825,
      0.0027815456938931416,
      0.0048041965772732675,
      0.0020368989593401183
    ],
    [
      0.0030935324580585928,
      0.0647267543171934,
      0.9228497782177141,
      0.0010466624433212559,
      0.0033625267485412128,
      0.004920745815171398
    ],
    [
      0.9678597237467879,
      0.01155711929594448,
      0.0040951747942142526,
      0.0016583202324464542,
      0.01289644339739248,
      0.001933218533214311
    ],
    [
      0.9139406088030275,
      0.012743033165756711,
      0.013405392587886958,
      0.013691719931031899,
      0.033042811176221765,
      0.013176434336075045
    ],
    [
      0.7778346091497874,
      0.034479074200265795,
      0.019537242671112332,
      0.009509370230348063,
      0.13771461519523906,
      0.02092508855324743
    ],
    [
      0.0003118274656783813,
      0.0049929106600716585,
